0.0 0.0 0.0
-3.469446951953614e-16 3.251599392767909 -1.1102230246251565e-16
1.8318847966038074 2.489326593179035 0.14442432607193326
1.3151833628746388 -0.29465277798213546 5.551115123125783e-17
0.6080702195636876 -0.24404656574334604 0.3327108709331231
0.6249409462478835 -0.20866087823036022 0.3492126997434861
0.6233795818427096 -0.17029168226744512 0.35882398850390174
0.6244002590703607 -0.13297044744336403 0.37019812275272673
0.6097166323832033 -0.08938716138251503 0.3771940711621127
0.6380533058340117 -0.05765547974320993 0.3924841600564326
0.6327554694666673 -0.014792767749500533 0.4034304452069427
0.6256165099345433 0.026892920337188455 0.4115860830156788
0.6161726401231302 0.06746859652013606 0.41677169706214745
0.6188840567735763 0.10965345167154536 0.42386951693203656
0.6245642576639225 0.1497314003501455 0.4292035060458888
0.6153269862356671 0.19234034321814142 0.4306086435077783
0.6191139453934784 0.23202131801285175 0.4361676580099841
0.4910439730993559 0.3364987113565405 0.4244117210411061
0.4921439035376049 0.3780884307854016 0.42772353047962297
0.47418176177242094 0.42928920403587745 0.42632796994818484
0.47222742208373514 0.4730449798226524 0.42579491413091386
0.4938074683691013 0.5042173993986065 0.4286191505235148
0.48836019767818717 0.5498891041420424 0.42523567385409045
0.46878740710480343 0.6008399084219486 0.42120495829651383
0.48886951571767023 0.6356562509749719 0.42008670691012906
0.47946066789101294 0.6800473535651732 0.4148072343442939
0.4942948900078385 0.7145392334606214 0.4128721635311465
0.47914804651437326 0.765304036589813 0.407842046078565
0.47286022156683033 0.8083319522165968 0.40010636817162626
0.46921563818003226 0.8540999583742458 0.3901401217440101
0.4813475445626006 0.8885426522781238 0.38352755175319075
0.4635253964233307 0.9446803089695535 0.3708836026722893
0.4415893158576445 0.9983161370300238 0.3653315266806083
0.4738667969763286 1.019637280421569 0.36034350224979306
0.4407416934869053 1.0865581677251057 0.34304266989163684
0.45689782010202806 1.115756784232714 0.3350733855194596
0.43248944676972284 1.1751735362377727 0.3157119971916311
0.42367984687352483 1.2215494847462272 0.30150355841420096
0.4451625236852863 1.2525719364061716 0.2910297516514788
0.43878199993139083 1.2960003123849144 0.2710813211781027
0.45602060654971843 1.3166169348553423 0.26155082511734584
0.42438691928331246 1.3859825771915897 0.23682988781306194
0.40060230843724454 1.4493617668991579 0.2145748326027983
0.4053851071915242 1.486184439175634 0.19209243913120566
0.4262191912908967 1.5061072035612353 0.1825979868089235
0.42153205857917597 1.5531209302435425 0.16351895724313514
0.39533530946241124 1.6118372617329961 0.13275468022010312
0.4009933797415689 1.6503702766764456 0.11537531166234505
0.4036327439145359 1.6838379118703806 0.09422944386101031
0.365114877195021 1.754630450297574 0.0597723953338348
0.3970132079380084 1.7731346386545728 0.038440161238624565
0.379442394386275 1.8142800713464822 0.03130054028351452
0.4182609694495491 1.804196806176522 0.06887980413045827
0.4155607202379314 1.8326120024648518 0.09299642379368114
0.40101595092195225 1.8700537900497216 0.11443302931688326
0.4014109099855094 1.9005946135284693 0.13953737071117367
0.3981301587391991 1.9261337599466102 0.15940212586334762
0.3848492974923157 1.963621541359014 0.178735026440516
0.4073249476179681 1.9693134988543999 0.20274260446579392
0.3451744717700591 2.06786748044588 0.2182411250322238
0.2718817567878786 2.1870794096434625 0.23301601299394367
0.26393152817140775 2.2097312167369774 0.25071147201830013
0.26374989983159514 2.235429378088603 0.26775813102392776
0.2946703127008437 2.2390094602619954 0.2885203732789122
0.27893725643258965 2.2738370014140266 0.29955321930187706
0.2956605545841866 2.285624605438519 0.31242717968677336
0.28618863321696303 2.3242725300019793 0.3264007982874969
0.30901065511677 2.3208146906073828 0.3440414786255656
0.3139237483588463 2.3432552646022566 0.3497506185720075
0.30055479980015953 2.3774271896999273 0.3563754862653748
0.32777996667539644 2.374213333278751 0.37274367161069133
0.30433592507251295 2.422735001054295 0.37972131244669965
0.2923118498558016 2.456792694550545 0.3832541618634524
0.30196609169088445 2.4802233041935087 0.391497402755286
0.3149489848160649 2.4861523940554346 0.3986446246386406
0.3180354990776508 2.506406532870187 0.4026268166961757
0.3053621434540844 2.541489944301815 0.41164882769420275
0.3204086497508979 2.5459350821088074 0.41363605374498796
0.3271009880343016 2.56738295010169 0.420031773116823
0.31162247419210654 2.6012791270271824 0.4270015730565286
0.30190109964802303 2.651249565403246 0.41829777743449786
0.3010425585588071 2.671030752271023 0.42728589492024077
0.3819726481333864 2.598786704725285 0.43397739097035165
0.5623581656300437 2.348272114289501 0.4474882114020982
0.7315108286238735 2.123429191346208 0.4608750111496337
0.6214549802985226 2.1914025149171557 0.4198765371069212
0.6724008832353058 2.090742459187487 0.4138151978608534
0.7519961378323085 1.9551242666750628 0.4160752269646111
0.783065646442495 1.87164968746466 0.40417441132032733
0.8338712812987997 1.7630917182580959 0.3949955467452996
0.8824247093952626 1.6738705741487687 0.3877583347941218
0.9089684207248775 1.6094176684570025 0.3702797473221725
0.9471845337777353 1.5205673069451444 0.35665181082706215
1.0351536839888142 1.3728580774084875 0.34905909295076565
1.0805617976942685 1.281506281141091 0.3328301884817846
1.1277796848334405 1.1894748338448167 0.3201179660085728
1.1648398503621642 1.1028447046942087 0.3022397749686403
1.2095118938926053 1.0200771316826043 0.2864960195559317
1.2453067344479267 0.9435966956713383 0.2703454547796766
1.277842714607652 0.8650054083202444 0.2480190229112288
1.3132767633620357 0.7880140182753294 0.23157758368327416
1.3405487076758968 0.7185316984844151 0.20722884190068375
1.3744771878847708 0.646444059705529 0.18818615121391136
1.4065501816689554 0.5742953006306478 0.16619571402234262
1.4356209655219043 0.5084815593944714 0.14213396979280227
1.468805563729944 0.43645936885233405 0.11943824543637571
1.4903950345341077 0.37643355324708644 0.12582148563875922
1.5109319544666173 0.32203637230085846 0.147541155679673
1.537063128754272 0.2607201688742945 0.1711919231685137
1.5669734785096674 0.1990540833002602 0.19501901395420723
1.586333268196008 0.14631207915538552 0.21198812851587487
1.6092989224933636 0.0930587440990106 0.23082073965106362
1.6278908214405783 0.038245568204683035 0.24709980976978013
1.6489042690645408 -0.013677551287248124 0.2629256261195668
1.66608419573963 -0.062399655447070296 0.2741665971804226
1.6839891152014725 -0.1128054086301758 0.28695969786626024
1.6949063614380622 -0.1590938184150196 0.29612466936858317
1.708132439760412 -0.20723889425299158 0.3046292711674782
1.7151802480857483 -0.2529336112928097 0.31180396908740193
