88 896 222 1056
104 894 242 1034
126 876 256 1036
144 876 274 1020
164 868 288 1012
180 869 304 999
201 865 309 1001
212 855 328 993
228 853 340 975
244 849 350 971
252 849 368 971
265 848 377 956
281 845 387 951
290 842 398 950
301 842 409 944
310 833 422 947
320 825 432 945
350 829 448 919
367 833 447 917
378 834 458 912
387 831 459 913
392 826 476 916
399 832 479 908
407 834 487 904
412 830 496 906
419 831 499 905
427 834 507 902
430 830 514 904
439 834 515 904
447 838 523 900
453 836 523 904
456 836 532 904
463 836 533 904
468 836 538 904
475 842 541 902
477 841 549 901
481 842 553 904
488 846 554 904
495 847 557 907
497 850 559 904
505 850 563 910
506 853 568 907
505 856 571 910
515 856 573 910
521 857 575 911
525 859 577 911
528 859 582 913
530 860 588 912
536 862 588 916
538 866 592 920
541 867 595 921
544 871 602 923
549 870 603 924
551 875 605 923
553 879 607 925
559 881 613 925
563 883 611 931
562 887 616 931
564 888 618 934
568 886 622 940
572 888 620 940
572 892 624 940
574 899 626 943
581 904 625 942
582 904 630 944
583 905 631 951
587 910 635 948
589 910 637 956
590 917 638 955
593 920 637 956
601 921 637 961
599 923 643 963
601 925 645 963
603 926 647 970
605 928 649 974
608 933 652 971
610 937 654 975
610 938 654 978
610 941 658 979
614 945 658 983
616 946 660 984
617 950 661 988
