1114 927 1248 1071
1096 910 1234 1064
1080 910 1214 1048
1068 897 1192 1041
1051 891 1175 1035
1040 884 1156 1022
1026 884 1142 1006
1014 873 1130 1003
1001 868 1113 998
992 865 1100 993
981 864 1089 984
967 858 1075 974
959 857 1061 971
954 852 1048 968
938 853 1046 961
932 852 1030 952
925 849 1019 949
904 847 984 937
891 844 985 934
886 840 976 932
880 842 968 932
875 841 959 927
871 839 951 929
862 836 946 928
858 836 938 928
853 836 933 926
846 840 926 922
841 840 921 926
837 837 913 927
834 842 904 920
826 843 902 917
824 845 896 921
816 845 892 923
812 845 888 923
809 844 881 926
808 850 874 924
801 850 873 926
797 849 869 927
797 852 859 928
792 857 858 925
788 859 854 927
784 862 846 924
783 866 837 920
782 865 836 923
776 867 834 927
774 868 832 926
771 871 825 925
767 872 825 926
765 876 823 928
760 876 818 930
757 876 819 934
756 877 814 937
751 882 809 936
747 885 809 937
747 886 805 940
747 886 801 944
745 891 797 945
741 895 793 947
739 895 791 953
735 898 789 952
733 901 787 955
732 903 784 955
730 904 782 958
726 911 780 957
725 913 777 961
725 917 773 963
724 919 772 963
722 925 770 965
720 925 764 971
718 926 762 972
714 929 762 973
713 932 757 976
715 935 755 981
711 940 755 978
713 941 753 979
709 943 749 987
708 944 752 988
704 946 752 990
704 954 748 992
702 957 746 995
702 961 746 997
702 962 742 1000
