1181.0000 999.0000
1165.0000 987.0000
1147.0000 979.0000
1130.0000 969.0000
1113.0000 963.0000
1098.0000 953.0000
1084.0000 945.0000
1072.0000 938.0000
1057.0000 933.0000
1046.0000 929.0000
1035.0000 924.0000
1021.0000 916.0000
1010.0000 914.0000
1001.0000 910.0000
992.0000 907.0000
981.0000 902.0000
972.0000 899.0000
944.0000 892.0000
938.0000 889.0000
931.0000 886.0000
924.0000 887.0000
917.0000 884.0000
911.0000 884.0000
904.0000 882.0000
898.0000 882.0000
893.0000 881.0000
886.0000 881.0000
881.0000 883.0000
875.0000 882.0000
869.0000 881.0000
864.0000 880.0000
860.0000 883.0000
854.0000 884.0000
850.0000 884.0000
845.0000 885.0000
841.0000 887.0000
837.0000 888.0000
833.0000 888.0000
828.0000 890.0000
825.0000 891.0000
821.0000 893.0000
815.0000 893.0000
810.0000 893.0000
809.0000 894.0000
805.0000 897.0000
803.0000 897.0000
798.0000 898.0000
796.0000 899.0000
794.0000 902.0000
789.0000 903.0000
788.0000 905.0000
785.0000 907.0000
780.0000 909.0000
778.0000 911.0000
776.0000 913.0000
774.0000 915.0000
771.0000 918.0000
767.0000 921.0000
765.0000 924.0000
762.0000 925.0000
760.0000 928.0000
758.0000 929.0000
756.0000 931.0000
753.0000 934.0000
751.0000 937.0000
749.0000 940.0000
748.0000 941.0000
746.0000 945.0000
742.0000 948.0000
740.0000 949.0000
738.0000 951.0000
735.0000 954.0000
735.0000 958.0000
733.0000 959.0000
733.0000 960.0000
729.0000 965.0000
730.0000 966.0000
728.0000 968.0000
726.0000 973.0000
724.0000 976.0000
724.0000 979.0000
722.0000 981.0000
