155.0000 976.0000
173.0000 964.0000
191.0000 956.0000
209.0000 948.0000
226.0000 940.0000
242.0000 934.0000
255.0000 933.0000
270.0000 924.0000
284.0000 914.0000
297.0000 910.0000
310.0000 910.0000
321.0000 902.0000
334.0000 898.0000
344.0000 896.0000
355.0000 893.0000
366.0000 890.0000
376.0000 885.0000
399.0000 874.0000
407.0000 875.0000
418.0000 873.0000
423.0000 872.0000
434.0000 871.0000
439.0000 870.0000
447.0000 869.0000
454.0000 868.0000
459.0000 868.0000
467.0000 868.0000
472.0000 867.0000
477.0000 869.0000
485.0000 869.0000
488.0000 870.0000
494.0000 870.0000
498.0000 870.0000
503.0000 870.0000
508.0000 872.0000
513.0000 871.0000
517.0000 873.0000
521.0000 875.0000
526.0000 877.0000
528.0000 877.0000
534.0000 880.0000
537.0000 880.0000
538.0000 883.0000
544.0000 883.0000
548.0000 884.0000
551.0000 885.0000
555.0000 886.0000
559.0000 886.0000
562.0000 889.0000
565.0000 893.0000
568.0000 894.0000
573.0000 897.0000
576.0000 897.0000
578.0000 899.0000
580.0000 902.0000
586.0000 903.0000
587.0000 907.0000
589.0000 909.0000
591.0000 911.0000
595.0000 913.0000
596.0000 914.0000
598.0000 916.0000
600.0000 921.0000
603.0000 923.0000
606.0000 924.0000
607.0000 928.0000
611.0000 929.0000
613.0000 933.0000
614.0000 936.0000
615.0000 938.0000
619.0000 941.0000
621.0000 943.0000
623.0000 944.0000
625.0000 948.0000
627.0000 951.0000
630.0000 952.0000
632.0000 956.0000
632.0000 958.0000
634.0000 960.0000
636.0000 964.0000
638.0000 965.0000
639.0000 969.0000
