0.6001 -2.0649 0.4652
0.5957 -2.0496 0.4661
0.5901 -2.0328 0.4643
0.5847 -2.0154 0.4632
0.5788 -1.9976 0.4610
0.5735 -1.9803 0.4598
0.5680 -1.9647 0.4572
0.5637 -1.9480 0.4568
0.5571 -1.9296 0.4556
0.5525 -1.9133 0.4529
0.5478 -1.8961 0.4490
0.5406 -1.8780 0.4489
0.5352 -1.8593 0.4451
0.5306 -1.8438 0.4425
0.5259 -1.8268 0.4395
0.5196 -1.8074 0.4366
0.5143 -1.7898 0.4345
0.4954 -1.7399 0.4268
0.4914 -1.7246 0.4232
0.4867 -1.7041 0.4194
0.4812 -1.6906 0.4153
0.4761 -1.6685 0.4107
0.4711 -1.6551 0.4072
0.4653 -1.6357 0.4030
0.4602 -1.6183 0.3984
0.4557 -1.6047 0.3948
0.4493 -1.5833 0.3886
0.4445 -1.5688 0.3838
0.4386 -1.5524 0.3784
0.4326 -1.5302 0.3724
0.4273 -1.5177 0.3687
0.4229 -1.5009 0.3621
0.4162 -1.4843 0.3566
0.4117 -1.4684 0.3519
0.4058 -1.4505 0.3448
0.4009 -1.4337 0.3392
0.3959 -1.4186 0.3329
0.3908 -1.4030 0.3270
0.3843 -1.3830 0.3185
0.3803 -1.3730 0.3148
0.3746 -1.3517 0.3052
0.3664 -1.3328 0.2993
0.3595 -1.3203 0.2934
0.3575 -1.3033 0.2877
0.3513 -1.2848 0.2793
0.3481 -1.2726 0.2749
0.3402 -1.2509 0.2667
0.3366 -1.2354 0.2613
0.3331 -1.2225 0.2531
0.3249 -1.2020 0.2430
0.3227 -1.1909 0.2374
0.3170 -1.1686 0.2268
0.3082 -1.1466 0.2181
0.3044 -1.1351 0.2115
0.3005 -1.1235 0.2039
0.2956 -1.0986 0.1937
0.2901 -1.0869 0.1844
0.2824 -1.0688 0.1744
0.2782 -1.0562 0.1663
0.2715 -1.0331 0.1562
0.2674 -1.0235 0.1497
0.2630 -1.0100 0.1427
0.2586 -0.9964 0.1324
0.2517 -0.9755 0.1210
0.2465 -0.9574 0.1115
0.2421 -0.9469 0.1019
0.2385 -0.9275 0.0935
0.2335 -0.9125 0.0814
0.2247 -0.8943 0.0695
0.2200 -0.8828 0.0628
0.2139 -0.8583 0.0496
0.2062 -0.8382 0.0377
0.2051 -0.8294 0.0302
0.1996 -0.8126 0.0194
0.1986 -0.8034 0.0126
0.1876 -0.7733 -0.0043
0.1889 -0.7680 -0.0107
0.1842 -0.7598 -0.0177
0.1780 -0.7418 -0.0311
0.1720 -0.7234 -0.0448
0.1706 -0.7135 -0.0523
0.1651 -0.6997 -0.0635
