1120 927 1246 1073
1084 902 1228 1048
1065 885 1195 1031
1049 872 1165 1008
1026 861 1142 989
1011 847 1119 977
992 842 1098 956
970 835 1086 943
961 822 1059 930
947 811 1045 919
936 807 1026 905
919 795 1017 895
905 794 1007 886
903 788 987 878
886 784 980 868
882 779 962 863
875 769 947 859
864 770 940 846
856 766 932 840
846 761 926 837
841 756 917 834
835 752 907 834
830 754 896 824
824 750 886 820
817 743 879 819
812 744 874 812
802 740 872 810
799 742 865 804
797 740 859 802
790 740 856 800
787 738 849 798
785 736 839 794
777 732 839 794
778 733 836 791
772 729 830 795
767 730 829 790
767 732 821 790
764 732 818 786
758 733 812 781
758 728 806 782
751 727 805 781
750 726 802 780
748 727 800 779
744 727 798 781
745 730 793 778
740 730 788 776
738 730 786 776
734 729 782 777
734 728 782 774
732 726 780 778
731 729 779 777
727 730 775 778
727 731 775 777
727 731 767 777
722 730 766 776
723 730 763 776
720 730 764 774
718 731 762 777
717 733 761 779
715 735 759 779
716 735 756 783
712 738 752 776
711 740 751 778
712 739 748 777
709 740 749 780
707 742 751 780
704 741 748 781
702 743 746 781
700 744 744 784
702 744 738 782
700 745 740 783
700 743 740 787
697 747 741 787
695 747 739 793
698 749 734 789
695 751 735 789
698 751 728 789
693 751 729 791
693 753 729 791
692 754 728 794
692 756 726 796
688 755 724 799
689 760 725 798
689 761 725 799
689 761 719 799
