90 891 242 1043
126 870 264 1014
161 866 281 988
187 843 307 981
209 837 329 967
236 830 348 952
263 820 361 934
279 814 381 922
302 801 400 909
321 797 415 895
335 791 429 883
351 781 445 879
367 782 455 866
382 774 466 858
389 773 487 849
407 767 487 843
418 761 498 839
428 756 508 832
435 752 519 828
448 752 528 820
457 748 533 816
467 748 539 808
477 745 549 805
486 744 552 798
491 740 561 800
499 735 569 795
510 734 572 794
515 735 581 789
524 730 586 790
531 732 589 784
534 730 596 782
543 727 601 781
551 726 605 780
550 724 612 776
560 723 614 777
564 724 618 776
569 723 623 775
572 723 626 775
579 724 631 770
585 725 633 769
588 722 640 770
590 721 642 769
596 722 644 768
603 722 647 768
606 722 650 768
608 724 652 764
612 721 656 767
617 722 661 768
617 720 665 766
624 718 668 770
626 721 670 767
629 721 673 773
631 723 675 769
636 726 676 766
639 722 679 768
644 722 680 768
643 725 687 771
648 725 688 771
648 725 692 771
650 727 694 771
654 726 694 772
659 728 695 768
656 731 700 767
661 730 705 770
662 728 706 772
664 730 708 774
670 733 706 773
671 736 707 774
674 737 708 775
676 734 712 774
676 735 716 779
677 739 721 779
682 737 722 783
682 739 722 783
683 743 723 781
686 743 720 783
688 743 724 781
690 745 726 783
689 746 729 784
691 748 731 786
694 748 730 786
695 751 735 789
695 752 735 790
700 753 730 791
702 755 738 791
