1183.0000 1000.0000
1156.0000 975.0000
1130.0000 958.0000
1107.0000 940.0000
1084.0000 925.0000
1065.0000 912.0000
1045.0000 899.0000
1028.0000 889.0000
1010.0000 876.0000
996.0000 865.0000
981.0000 856.0000
968.0000 845.0000
956.0000 840.0000
945.0000 833.0000
933.0000 826.0000
922.0000 821.0000
911.0000 814.0000
902.0000 808.0000
894.0000 803.0000
886.0000 799.0000
879.0000 795.0000
871.0000 793.0000
863.0000 789.0000
855.0000 785.0000
848.0000 781.0000
843.0000 778.0000
837.0000 775.0000
832.0000 773.0000
828.0000 771.0000
823.0000 770.0000
818.0000 768.0000
812.0000 765.0000
808.0000 763.0000
807.0000 762.0000
801.0000 762.0000
798.0000 760.0000
794.0000 761.0000
791.0000 759.0000
785.0000 757.0000
782.0000 755.0000
778.0000 754.0000
776.0000 753.0000
774.0000 753.0000
771.0000 754.0000
769.0000 754.0000
764.0000 753.0000
762.0000 753.0000
758.0000 753.0000
758.0000 751.0000
756.0000 752.0000
755.0000 753.0000
751.0000 754.0000
751.0000 754.0000
747.0000 754.0000
744.0000 753.0000
743.0000 753.0000
742.0000 752.0000
740.0000 754.0000
739.0000 756.0000
737.0000 757.0000
736.0000 759.0000
732.0000 757.0000
731.0000 759.0000
730.0000 758.0000
729.0000 760.0000
729.0000 761.0000
726.0000 761.0000
724.0000 762.0000
722.0000 764.0000
720.0000 763.0000
720.0000 764.0000
720.0000 765.0000
719.0000 767.0000
717.0000 770.0000
716.0000 769.0000
715.0000 770.0000
713.0000 770.0000
711.0000 771.0000
711.0000 772.0000
710.0000 774.0000
709.0000 776.0000
706.0000 777.0000
707.0000 779.0000
707.0000 780.0000
704.0000 780.0000
