166.0000 967.0000
195.0000 942.0000
221.0000 927.0000
247.0000 912.0000
269.0000 902.0000
292.0000 891.0000
312.0000 877.0000
330.0000 868.0000
351.0000 855.0000
368.0000 846.0000
382.0000 837.0000
398.0000 830.0000
411.0000 824.0000
424.0000 816.0000
438.0000 811.0000
447.0000 805.0000
458.0000 800.0000
468.0000 794.0000
477.0000 790.0000
488.0000 786.0000
495.0000 782.0000
503.0000 778.0000
513.0000 775.0000
519.0000 771.0000
526.0000 770.0000
534.0000 765.0000
541.0000 764.0000
548.0000 762.0000
555.0000 760.0000
560.0000 758.0000
565.0000 756.0000
572.0000 754.0000
578.0000 753.0000
581.0000 750.0000
587.0000 750.0000
591.0000 750.0000
596.0000 749.0000
599.0000 749.0000
605.0000 747.0000
609.0000 747.0000
614.0000 746.0000
616.0000 745.0000
620.0000 745.0000
625.0000 745.0000
628.0000 745.0000
630.0000 744.0000
634.0000 744.0000
639.0000 745.0000
641.0000 743.0000
646.0000 744.0000
648.0000 744.0000
651.0000 747.0000
653.0000 746.0000
656.0000 746.0000
659.0000 745.0000
662.0000 745.0000
665.0000 748.0000
668.0000 748.0000
670.0000 748.0000
672.0000 749.0000
674.0000 749.0000
677.0000 748.0000
678.0000 749.0000
683.0000 750.0000
684.0000 750.0000
686.0000 752.0000
688.0000 753.0000
689.0000 755.0000
691.0000 756.0000
694.0000 754.0000
696.0000 757.0000
699.0000 759.0000
702.0000 760.0000
702.0000 761.0000
703.0000 762.0000
703.0000 763.0000
706.0000 762.0000
708.0000 764.0000
709.0000 765.0000
711.0000 767.0000
712.0000 767.0000
715.0000 770.0000
715.0000 771.0000
715.0000 772.0000
720.0000 773.0000
