1.1071 -1.9205 0.6678
1.0948 -1.8962 0.6703
1.0813 -1.8726 0.6684
1.0685 -1.8477 0.6673
1.0544 -1.8239 0.6646
1.0419 -1.7990 0.6618
1.0278 -1.7739 0.6606
1.0147 -1.7504 0.6578
0.9999 -1.7216 0.6561
0.9875 -1.6969 0.6544
0.9736 -1.6730 0.6526
0.9605 -1.6468 0.6504
0.9475 -1.6234 0.6466
0.9350 -1.5991 0.6446
0.9203 -1.5714 0.6404
0.9069 -1.5496 0.6381
0.8923 -1.5238 0.6351
0.8795 -1.4999 0.6332
0.8675 -1.4775 0.6305
0.8542 -1.4510 0.6260
0.8430 -1.4309 0.6239
0.8294 -1.4073 0.6197
0.8144 -1.3787 0.6146
0.8003 -1.3561 0.6123
0.7867 -1.3322 0.6079
0.7752 -1.3079 0.6054
0.7620 -1.2835 0.6005
0.7498 -1.2597 0.5958
0.7390 -1.2366 0.5915
0.7271 -1.2158 0.5873
0.7149 -1.1942 0.5837
0.6989 -1.1645 0.5784
0.6868 -1.1404 0.5735
0.6828 -1.1298 0.5733
0.6657 -1.1005 0.5648
0.6561 -1.0822 0.5610
0.6431 -1.0584 0.5541
0.6339 -1.0420 0.5510
0.6147 -1.0080 0.5444
0.6037 -0.9870 0.5400
0.5889 -0.9594 0.5338
0.5819 -0.9468 0.5319
0.5724 -0.9272 0.5264
0.5589 -0.9006 0.5180
0.5500 -0.8835 0.5131
0.5340 -0.8605 0.5084
0.5234 -0.8385 0.5022
0.5051 -0.8053 0.4919
0.5027 -0.7963 0.4930
0.4896 -0.7685 0.4833
0.4836 -0.7565 0.4790
0.4664 -0.7295 0.4676
0.4634 -0.7202 0.4659
0.4458 -0.6913 0.4577
0.4311 -0.6650 0.4523
0.4226 -0.6463 0.4469
0.4139 -0.6275 0.4395
0.4014 -0.6042 0.4309
0.3941 -0.5899 0.4247
0.3830 -0.5710 0.4172
0.3753 -0.5562 0.4109
0.3545 -0.5207 0.4039
0.3484 -0.5110 0.3979
0.3341 -0.4772 0.3881
0.3279 -0.4668 0.3829
0.3233 -0.4554 0.3762
0.3065 -0.4282 0.3672
0.2957 -0.4122 0.3592
0.2822 -0.3896 0.3491
0.2665 -0.3586 0.3435
0.2613 -0.3461 0.3351
0.2536 -0.3265 0.3257
0.2412 -0.3008 0.3144
0.2315 -0.2900 0.3064
0.2242 -0.2770 0.3025
0.2193 -0.2714 0.2984
0.2015 -0.2372 0.2893
0.1857 -0.2104 0.2775
0.1827 -0.2033 0.2728
0.1715 -0.1824 0.2614
0.1632 -0.1686 0.2546
0.1379 -0.1253 0.2360
0.1430 -0.1329 0.2345
0.1429 -0.1334 0.2321
0.1104 -0.0711 0.2112
