0.0 0.0 0.0
0.0 1.0556320254389393 -5.551115123125783e-17
0.40068171529078594 1.0434998458523983 0.0016099729474513547
0.3937799888847327 -0.003367161513876238 6.938893903907228e-18
0.40275169404913014 -1.4091437481481772 0.5200017268671558
0.39988991993239725 -1.3727111047891194 0.5194761245224412
0.39710404688320244 -1.3321339117228066 0.5185034188910697
0.39222925727365376 -1.2854243242347447 0.5176374861182641
0.3920334762452251 -1.2455486264557147 0.5179378139502072
0.3892373551671522 -1.2133949129557668 0.516561532452414
0.3872252880014915 -1.1710807228906799 0.5137679058056647
0.38565175664729756 -1.1356699749927284 0.5105749968992837
0.3821710788573272 -1.093376603400987 0.5072800086058623
0.3778035397439548 -1.0464944610452889 0.5026994800685807
0.37517742725959546 -1.0032018554679731 0.49875654904775546
0.3747599119031197 -0.9675939032293499 0.49730440885744565
0.37018395939973747 -0.9298949621961563 0.4921135768946027
0.36846050189172896 -0.8910499896436538 0.4877889040332258
0.364640210544022 -0.8582704284854844 0.4832289419744755
0.3579871531745964 -0.8121107631399902 0.4792188667722149
0.3568145236938153 -0.7626427180767653 0.4697349868670666
0.3541647762413037 -0.7313513306002456 0.46727886687281955
0.3481158832407139 -0.6896956871661458 0.46152144372182696
0.3440332115962286 -0.6490997944982124 0.4538206097659601
0.34049412414883845 -0.6170685958588079 0.44791416397308015
0.3367321607089095 -0.5608732684380732 0.4364079663220116
0.33210212160653774 -0.5262974405556494 0.4333036753701536
0.32964364956565595 -0.49033296228620654 0.4230431364791364
0.3248075877643679 -0.4537497082013646 0.41745367933555866
0.3218308866239367 -0.4230457756134291 0.41159439760993455
0.31605768035187565 -0.3771689688154967 0.40184612814846343
0.3117328137880513 -0.3286584647708845 0.39157461355742307
0.3060582046530634 -0.2986677557466083 0.38291109713998805
0.305433681324074 -0.2652935572159608 0.37782228276355834
0.29935981028546954 -0.22023873345808942 0.3655371078696611
0.2950286971263174 -0.185467117029035 0.35749339929270174
0.2885361799017705 -0.13804876189080068 0.3408285906481614
0.2829912414733365 -0.09055924745156976 0.32898954967893373
0.27871557556225235 -0.06130567066071836 0.3208989092156874
0.2735706160944464 -0.021992951711639355 0.3077016136223062
0.2670553311691201 0.009147780952405968 0.2990211284526631
0.26436312108724747 0.04119328299568199 0.2891229972099554
0.25808377014198886 0.08047568601701725 0.2790739981135658
0.25219186144111344 0.12424142673049482 0.2611829827691868
0.24862289900604542 0.15482563851641123 0.2539113050687272
0.24175515150870167 0.19647812838916906 0.2387187567113189
0.23454033241340466 0.2408862123273318 0.22488646455480044
0.23286186532723652 0.2724121449013185 0.21163141867246718
0.22819907296749156 0.2993206218565587 0.20320179983610742
0.21907551390815277 0.3624020166835523 0.18348121313647517
0.21422796269270242 0.3885649330663226 0.16911836695614335
0.20718492956159537 0.4252438498866403 0.1562608418424042
0.20576523835369775 0.43950188334776175 0.14924441357390628
0.19703631669752789 0.49372696948857553 0.13076609155034413
0.18959359212750437 0.5317948983659185 0.1134081797780783
0.18191252048244047 0.5710923322776174 0.09548784488748688
0.1764978717350875 0.6139096860807659 0.08039850168484108
0.17320487383476396 0.6466457542783803 0.06302044487968744
0.16488727681499238 0.6910136329221436 0.04579941171941787
0.16051997055809875 0.721532145398309 0.04010073807559439
0.1571028580686755 0.731445917926235 0.05805697630487633
0.15139882428530357 0.7631992164638659 0.07353496592861153
0.15124353926929499 0.7973216270922285 0.09170223398426397
0.1507773305671048 0.817611751719366 0.10567793073117293
0.14768400210909485 0.839487604549847 0.12363490250498749
0.13950823065499002 0.8803412683273342 0.13221811989284699
0.13912093626760605 0.9019032462798022 0.14797743791931683
0.13816328573211678 0.9149359445076074 0.17038675153967991
0.13249876311103748 0.9442922059810523 0.17864373556047325
0.12676505994215834 0.9747620708075592 0.1883268890932231
0.12424923341372845 1.0168738726138886 0.19411161402810373
0.12374303532539918 1.038401158596129 0.2080246564170306
0.12044772916351482 1.058861868594272 0.22083837212671992
0.11419683025792794 1.0790684666779722 0.2338043326430987
0.11110909523834056 1.1127442519454245 0.2455520700460188
0.1110034273180945 1.1444852492003181 0.2521049708371463
0.10745187295859931 1.1518129300986772 0.2653642317040337
0.10122938187760239 1.1855175714288078 0.2762510121467654
0.09517637853819919 1.2173022391251576 0.28331586238495576
0.0949955960360536 1.2656140827868048 0.29052117647598447
0.0911803545997032 1.2740953345871717 0.3055194064520437
0.09102969022333604 1.293078676875939 0.31263098888652496
0.08470294713197887 1.3258645037679255 0.31876932471791825
0.08113087951053942 1.347393524261071 0.3302011481986803
0.08059609141886816 1.353257000850809 0.3398867670776002
0.07422529706220626 1.385310629952233 0.3435370939321649
0.0738297806009838 1.4062332897525427 0.35237779007852
0.07031667124280186 1.4275563356512904 0.3627827100595575
0.06971914194353247 1.4328232705060309 0.37120549062807745
0.063144533903321 1.466117812855602 0.37518771389982225
0.059716287815236684 1.5012685764713434 0.38066963053229375
0.05901710052120146 1.5091195720112502 0.39359784147749977
0.04918460188668457 1.5575366149110623 0.39419236777736655
0.05214000231385984 1.530824611627817 0.40446548893415224
0.04503633780648793 1.5659343065338907 0.4087659412202026
0.041489470290980164 1.5844737779591136 0.4124429590966293
