0.0 0.0 0.0
0.0 1.0556320254389393 -5.551115123125783e-17
0.40068171529078594 1.0434998458523983 0.0016099729474513547
0.3937799888847327 -0.003367161513876238 6.938893903907228e-18
0.4040483850171283 -1.4193121462053897 0.5227031295102335
0.39265080933370716 -1.338557069497542 0.5234175085238639
0.3929543765199679 -1.2688774678969827 0.5228559957516219
0.3899999501859251 -1.195143161212838 0.5206125465857896
0.38578868038740505 -1.1299268544028287 0.5192013125548518
0.3815475932661668 -1.0568828129332175 0.5121793424766874
0.37723228210247073 -0.9912405669932249 0.5120435708534415
0.3722996561705291 -0.8954214559203963 0.5023472791360217
0.3663690165069557 -0.8255982887556821 0.49585467142290307
0.36114915567059036 -0.7586779584371163 0.49107443999668887
0.3571108800602372 -0.6911436687405836 0.483781293754608
0.3532575103590769 -0.6264834221500467 0.4795773300139157
0.3492815322501584 -0.559372940518171 0.46858900294613504
0.3406755651206568 -0.4812596469757644 0.45895321467674155
0.3380537016475776 -0.3968401336356697 0.44489609331868807
0.3360602694016188 -0.336782349830522 0.4373015909963919
0.3316679977544611 -0.27727330414933515 0.4287400271283749
0.3253945235463673 -0.202167433172515 0.41454006542775507
0.32154476869498727 -0.13848199364396802 0.4041131996414593
0.31491373905896275 -0.06133547823712285 0.3894817956428278
0.31046313035978496 0.01131457535467112 0.37561527740544665
0.30513793184984334 0.0822242723850029 0.3595055595771682
0.3022248820717558 0.14746068379546984 0.34729198559249713
0.2970878881161212 0.21450799922428937 0.33048204637713274
0.29082650332012683 0.279724842862044 0.3153285707595795
0.2864959295683241 0.3483832940333547 0.2982719604474716
0.2819025517305995 0.421228854609269 0.2801752371892035
0.27809974357392175 0.4822549478262656 0.2640428697653593
0.2742028267976886 0.5457234587557191 0.24600840112698988
0.268524337996479 0.5959108087492994 0.23266668840307722
0.2629240266054123 0.6836629201303955 0.20809733584233445
0.25630457671601237 0.7669822492654159 0.1832267646132285
0.2566236639210004 0.8044627390951216 0.1691355712819535
0.25142636093351806 0.8846544099401932 0.14337245479545346
0.24459193473485744 0.9484394877437513 0.12467857010472438
0.2426748728472213 1.0009985024177153 0.10308486226229652
0.23686090400647455 1.0457558993624885 0.08781337990853227
0.23012506350318568 1.1279243535818155 0.06066696492056928
0.22542962403884664 1.2017300830321784 0.03561240818224315
0.22198147923753844 1.2532086880655184 0.01814849569413174
0.21628483496235795 1.3174180425050896 -0.00795593420137175
0.213666303985318 1.3844977017542839 -0.035137384513375336
0.20682721700201548 1.4383325363047517 -0.06073132561565886
