0.0 0.0 0.0
-6.938893903907228e-18 3.333407596226585 1.1102230246251565e-16
1.7489299245989502 3.2244322586212135 0.04289582421192295
1.590316877057784 -0.019724030892210108 6.938893903907228e-18
0.7003564728137606 -0.5731888047893826 0.3552160714728767
0.6976228141911656 -0.5540910772728167 0.36050153076255687
0.6927317319292923 -0.5198210294314568 0.3698535295034353
0.6865133409197439 -0.4759058287280157 0.381516558053466
0.6796978188717486 -0.42700113749349844 0.3939430778327032
0.6727477928548686 -0.37592903686100765 0.4061089899889063
0.6658596779298156 -0.3240229036648421 0.41745922096160315
0.6590457237674381 -0.2718211972393061 0.42777390270040044
0.6522509417624105 -0.2195620284231567 0.4370725847279287
0.6454441378843525 -0.16737807773276228 0.44550372425015283
0.6386208210861353 -0.11527487638658555 0.4531990224468728
0.63175282699143 -0.06307605586671432 0.46017047919893656
0.6247848150335593 -0.010501566439027013 0.46632618604021936
0.6177011379188442 0.042595050332298975 0.47157340449154694
0.6105771616504911 0.09596331438033695 0.47590471803298956
0.6035299954309461 0.14889134512312563 0.47940765019138015
0.596602024957043 0.20047023917753948 0.48221597633408464
0.589713584120479 0.25005524886642494 0.48444386811614404
0.5827545026085625 0.29763094034361 0.4861272484844037
0.5757042548804774 0.3438996411135048 0.4871859128262009
0.5686339994518811 0.39008063121789527 0.4874358411322173
0.5616149705029764 0.4374022725508671 0.48667780397849253
0.5546699429642916 0.48644745188341865 0.4848248891970509
0.5477984688798915 0.5369201799120595 0.48195611567244806
0.5409921061216305 0.588162592489653 0.4782291627516586
0.5342022864221654 0.6398279929680692 0.47373972472298587
0.5273230883811973 0.6919304217741278 0.4684694807687386
0.5202435526917102 0.7444081297648221 0.46234990987856317
0.512925451394643 0.7968842572364819 0.4553642135167283
0.5054170006378673 0.8488692082852531 0.4475960623666172
0.4978067667403773 0.9001192315561881 0.4391755613191641
0.4901995511202217 0.9507483615110524 0.4301662893418576
0.4827104842200749 1.001003326385233 0.4205003249941633
0.47540618798743606 1.0510570888314281 0.41001304017652784
0.46822642391629016 1.1011484508912215 0.39854048996857505
0.4609930756283803 1.1518023869024656 0.38602342636901177
0.4535058289031826 1.203697322256022 0.37254984493175447
0.44563562652931177 1.2572290645667807 0.35826861866096826
0.4373914287720112 1.3120497899885066 0.3432553167614906
0.42897144243951857 1.3668056538550695 0.3275230953634644
0.4207423344949711 1.4194621218422347 0.31116388488131036
0.4130840186158647 1.468422692007869 0.29436778140558695
0.4061646820447007 1.5137659990277255 0.2772230072558113
0.3998134045865959 1.5574664098801647 0.2595332430810534
0.39358415802807156 1.6023069820551443 0.2409026854030894
0.38693783239128754 1.650396482371636 0.22105179232473743
0.37937536764793406 1.7026604802092093 0.20009511089659127
0.37048800796503345 1.7596055625193046 0.17863024097191565
0.3601087438158454 1.8218217023971608 0.1577500494375373
0.34864434800341004 1.888671986261057 0.13907287017779812
0.3372080404065753 1.9565039067403491 0.12461098125264042
0.3271226441269494 2.019403765440741 0.11628877930272641
0.3191019181146125 2.0727349405746454 0.11527149959857141
0.312930634333178 2.11608690973084 0.12147738505320016
0.3078937054137799 2.1528231952738146 0.13357571230527587
0.3033809534763026 2.186999006838088 0.14956195489022572
0.2991253409728523 2.2207660720002393 0.16759122258914028
0.29511599877107464 2.254205855964772 0.18650039141646946
0.29147220192387846 2.286604059709188 0.20576543865655894
0.2883453494420919 2.31732821083035 0.2251211753734289
0.285766080725259 2.346103940525322 0.24420503944110283
0.28350951436930005 2.373310445924654 0.26247243677175447
0.2811671345436872 2.4000672354272936 0.27941852522594546
0.27841734867438034 2.427621338529102 0.29488336318965913
0.2751922384137808 2.4567354539202078 0.30908269377453
0.2715399428666505 2.4879551869347005 0.32229527815984593
0.2674395630087075 2.5219865164115203 0.3345988021689764
0.2629008642763789 2.558982648433168 0.3459737396289019
0.25821206249256096 2.597457202460336 0.3565298451382761
0.2538875891781331 2.6348212331179153 0.36644690835570337
0.25024591672884106 2.6695544069875865 0.37572711414976645
0.2470871515913225 2.7023846786667227 0.38414973727838053
0.24389312751585238 2.7349691692872597 0.39145668186991167
0.24040394307433838 2.7678651647526267 0.3974936352860985
0.23709099411144688 2.800052101554353 0.4021992458775965
0.23535125799969597 2.829048870541521 0.4055526460068076
0.23752436569724006 2.8493791996056044 0.40756020782821023
0.2464814907328854 2.8509322578951606 0.408242947479987
0.26444743742079296 2.8216999575673665 0.4075815907588385
0.2916581786567036 2.754901404431603 0.4054617294205336
0.32611605961840723 2.653842317303534 0.40170425038962754
0.3647697755546946 2.5292788651665052 0.3961741279718507
0.40502831608158074 2.3923175133555303 0.3888403183047534
0.44550720722837445 2.249273180398018 0.3797291896618734
0.48591980101919885 2.1010402373538177 0.3688786427088207
0.5264706244625913 1.9461832960237517 0.3563504767349232
0.5670440253316495 1.785579584707815 0.34224626585414963
0.6067172629385613 1.624692447524212 0.32672012719259896
0.6441335524071112 1.4708997884810535 0.3099967768183476
0.6784039489965383 1.328786482316251 0.29230731298241497
0.7095814489172771 1.1984416134156004 0.2737354981130936
0.7383564086946229 1.077342847348551 0.25417020507149046
0.7654822847772583 0.9626794750899521 0.23349004978358479
0.791451124834946 0.8523108340614651 0.2117916591586549
0.8164732412051624 0.7449633779789236 0.18944036034296435
0.8405811654380747 0.6402752806908096 0.16708104052485645
0.8637412998744118 0.5385544585366774 0.14592040829418268
0.8859455504497287 0.44030519754948383 0.12813632399783226
0.907247545718341 0.3459336330568038 0.11671903355730208
0.9277236638698534 0.25561252698115783 0.11431049903440704
0.9474016900142336 0.1691454909556884 0.12168218468150031
0.9662579453766386 0.08593900777852749 0.13717484793705992
0.9842953092628782 0.005218448499230716 0.15766453060489655
1.0015714031854346 -0.0736074644198697 0.18015086524296123
1.018003070579707 -0.1501503998960384 0.20255805265065752
1.0329335062637721 -0.221228955509072 0.22321435229261766
1.0448112551657855 -0.279005931182877 0.2398101081291873
1.0515333487398308 -0.31224986196767057 0.24929037198637205
