1018 846 1130 968
1002 835 1110 959
984 838 1092 944
969 827 1077 933
953 821 1059 923
943 815 1041 917
932 810 1026 908
921 806 1011 898
908 799 998 891
901 796 985 886
890 795 974 879
880 789 964 875
872 789 952 873
862 792 942 860
855 787 931 863
850 785 922 855
841 785 917 853
834 786 906 852
830 781 896 851
819 782 891 850
814 781 884 847
808 781 878 849
801 780 873 848
797 783 863 843
791 782 861 842
787 784 853 844
785 785 847 839
784 784 836 844
778 784 836 842
773 786 831 846
771 792 819 844
766 793 818 839
760 792 814 846
754 789 812 851
754 790 802 852
748 793 800 851
745 791 797 853
741 795 793 853
738 798 790 852
733 799 787 853
731 799 785 857
734 806 778 854
730 808 774 854
727 811 771 857
723 814 771 866
722 817 766 863
717 818 765 866
716 819 764 867
711 820 759 872
713 822 757 874
711 826 751 872
707 829 751 875
704 833 748 877
704 833 744 881
700 835 744 883
700 839 744 885
695 845 739 883
697 848 737 888
689 855 737 893
689 857 733 893
