270 835 382 947
294 823 402 931
304 820 416 922
326 816 428 908
341 807 447 899
354 803 460 893
373 795 467 887
383 792 485 878
398 785 492 875
412 782 500 866
422 782 512 860
439 775 515 859
445 772 529 858
458 773 538 849
469 771 541 847
481 768 551 846
488 768 558 844
488 770 568 838
500 768 572 838
507 765 577 839
514 764 584 838
522 765 588 835
529 766 591 834
531 765 601 833
541 765 607 831
545 765 611 833
551 768 617 830
561 770 619 828
567 773 621 827
571 771 625 831
576 775 630 829
572 777 638 831
580 777 638 831
584 780 642 828
589 782 643 830
594 780 646 832
597 780 651 834
598 781 656 835
605 784 659 836
608 788 660 832
614 791 662 837
617 791 665 837
619 794 667 840
628 799 668 839
628 800 672 844
626 806 674 844
629 806 677 850
633 808 677 852
636 812 680 850
638 810 682 856
639 812 687 858
642 816 690 860
646 817 690 863
647 818 691 864
650 823 694 863
652 825 692 869
655 833 695 869
658 835 698 871
655 841 703 877
664 843 700 879
