1074.0000 907.0000
1056.0000 897.0000
1038.0000 891.0000
1023.0000 880.0000
1006.0000 872.0000
992.0000 866.0000
979.0000 859.0000
966.0000 852.0000
953.0000 845.0000
943.0000 841.0000
932.0000 837.0000
922.0000 832.0000
912.0000 831.0000
902.0000 826.0000
893.0000 825.0000
886.0000 820.0000
879.0000 819.0000
870.0000 819.0000
863.0000 816.0000
855.0000 816.0000
849.0000 814.0000
843.0000 815.0000
837.0000 814.0000
830.0000 813.0000
826.0000 812.0000
820.0000 814.0000
816.0000 812.0000
810.0000 814.0000
807.0000 813.0000
802.0000 816.0000
795.0000 818.0000
792.0000 816.0000
787.0000 819.0000
783.0000 820.0000
778.0000 821.0000
774.0000 822.0000
771.0000 822.0000
767.0000 824.0000
764.0000 825.0000
760.0000 826.0000
758.0000 828.0000
756.0000 830.0000
752.0000 831.0000
749.0000 834.0000
747.0000 840.0000
744.0000 840.0000
741.0000 842.0000
740.0000 843.0000
735.0000 846.0000
735.0000 848.0000
731.0000 849.0000
729.0000 852.0000
726.0000 855.0000
724.0000 857.0000
722.0000 859.0000
722.0000 862.0000
717.0000 864.0000
717.0000 868.0000
713.0000 874.0000
711.0000 875.0000
