326.0000 891.0000
348.0000 877.0000
360.0000 871.0000
377.0000 862.0000
394.0000 853.0000
407.0000 848.0000
420.0000 841.0000
434.0000 835.0000
445.0000 830.0000
456.0000 824.0000
467.0000 821.0000
477.0000 817.0000
487.0000 815.0000
498.0000 811.0000
505.0000 809.0000
516.0000 807.0000
523.0000 806.0000
528.0000 804.0000
536.0000 803.0000
542.0000 802.0000
549.0000 801.0000
555.0000 800.0000
560.0000 800.0000
566.0000 799.0000
574.0000 798.0000
578.0000 799.0000
584.0000 799.0000
590.0000 799.0000
594.0000 800.0000
598.0000 801.0000
603.0000 802.0000
605.0000 804.0000
609.0000 804.0000
613.0000 804.0000
616.0000 806.0000
620.0000 806.0000
624.0000 807.0000
627.0000 808.0000
632.0000 810.0000
634.0000 810.0000
638.0000 814.0000
641.0000 814.0000
643.0000 817.0000
648.0000 819.0000
650.0000 822.0000
650.0000 825.0000
653.0000 828.0000
655.0000 830.0000
658.0000 831.0000
660.0000 833.0000
663.0000 835.0000
666.0000 838.0000
668.0000 840.0000
669.0000 841.0000
672.0000 843.0000
672.0000 847.0000
675.0000 851.0000
678.0000 853.0000
679.0000 859.0000
682.0000 861.0000
