0.7014 -1.5540 0.6959
0.6969 -1.5243 0.6933
0.6896 -1.5013 0.6889
0.6850 -1.4742 0.6867
0.6787 -1.4438 0.6825
0.6729 -1.4182 0.6779
0.6675 -1.3918 0.6747
0.6620 -1.3626 0.6704
0.6554 -1.3353 0.6666
0.6506 -1.3099 0.6629
0.6448 -1.2820 0.6570
0.6393 -1.2551 0.6527
0.6334 -1.2271 0.6450
0.6275 -1.1955 0.6397
0.6211 -1.1708 0.6333
0.6173 -1.1406 0.6277
0.6123 -1.1166 0.6212
0.6047 -1.0920 0.6145
0.5994 -1.0637 0.6081
0.5924 -1.0366 0.6002
0.5875 -1.0099 0.5937
0.5821 -0.9845 0.5858
0.5764 -0.9604 0.5789
0.5694 -0.9306 0.5709
0.5661 -0.9012 0.5633
0.5595 -0.8769 0.5536
0.5555 -0.8507 0.5469
0.5488 -0.8187 0.5355
0.5455 -0.7990 0.5294
0.5393 -0.7738 0.5184
0.5302 -0.7386 0.5050
0.5263 -0.7233 0.5002
0.5194 -0.6952 0.4889
0.5139 -0.6691 0.4799
0.5065 -0.6426 0.4689
0.5006 -0.6147 0.4592
0.4961 -0.5893 0.4503
0.4897 -0.5638 0.4395
0.4849 -0.5329 0.4270
0.4781 -0.5096 0.4185
0.4747 -0.4853 0.4053
0.4711 -0.4645 0.3967
0.4639 -0.4396 0.3848
0.4582 -0.4043 0.3685
0.4543 -0.3872 0.3542
0.4486 -0.3742 0.3469
0.4426 -0.3464 0.3326
0.4405 -0.3320 0.3248
0.4301 -0.2932 0.3074
0.4299 -0.2830 0.3000
0.4211 -0.2471 0.2844
0.4164 -0.2208 0.2691
0.4095 -0.1941 0.2544
0.4049 -0.1779 0.2455
0.3998 -0.1494 0.2311
0.3998 -0.1504 0.2239
0.3876 -0.1040 0.2005
0.3869 -0.0858 0.1873
0.3770 -0.0569 0.1631
0.3712 -0.0249 0.1478
