0.0 0.0 0.0
0.0 1.0556320254389393 -5.551115123125783e-17
0.40068171529078594 1.0434998458523983 0.0016099729474513547
0.3937799888847327 -0.003367161513876238 6.938893903907228e-18
0.40365866198651007 -1.4436692088576302 0.5223887325775908
0.4018342158807656 -1.4187906818270988 0.523895546691975
0.39825924199199547 -1.3910898299659988 0.5250641191059986
0.3976486703125394 -1.3552416254416768 0.5235837423706137
0.3948990473301556 -1.3295114064370845 0.5256318801711317
0.39402962794037694 -1.3013823400086602 0.5238249659850995
0.3913822180977041 -1.2786513305067115 0.5252886916074296
0.38987794174136836 -1.246655941263351 0.5221873896961807
0.3888458841511632 -1.2221639267689626 0.5214419884225429
0.386147302160443 -1.1851746446761526 0.5195549831124835
0.3839036971251567 -1.1560105836230916 0.5165043935881288
0.3823464711193748 -1.130452799912284 0.5157610135409251
0.3815031579977208 -1.0998805423547355 0.5112380846873749
0.38068413951156227 -1.0774467538658778 0.5129572956094741
0.37718309266035654 -1.0454728052644546 0.5077303230587301
0.3724284447068691 -1.0123741392014112 0.5069980577678639
0.3744295201516627 -0.9814225073785316 0.5046131980734465
0.37102996298410523 -0.9532868826078382 0.5008016411881351
0.3699168498863431 -0.9257964261347883 0.5000436802220483
0.36944802516701186 -0.8980416214254501 0.49355942719571
0.36780593254451904 -0.8700628027320234 0.4927382488221147
0.3641709605658822 -0.8407302200865983 0.48799953586745604
0.36259128845221633 -0.8046463969456703 0.4843831712097578
0.360427938056693 -0.7799036796429973 0.4826422717794885
0.3590881017456159 -0.7566711746641148 0.4810298113737043
0.3581565696456486 -0.730992612513032 0.47745251070709993
0.3561519596846318 -0.6973611568924728 0.47201695095465407
0.3546562027103736 -0.6721573630170641 0.4683147195163696
0.3516594517579395 -0.6344185066646224 0.4591188341252501
0.34992582606365713 -0.6059091733612829 0.4568806641859413
0.34768017965502995 -0.5816835624138003 0.4503323430156471
0.3462496064810119 -0.556741441082969 0.4496633416793494
0.34597040786515626 -0.5279315575089243 0.44187440392367305
0.34280832241327236 -0.5015864976333768 0.4403373687386076
0.3414352745793886 -0.46653867110252295 0.43314755108118297
0.3404865382747691 -0.43748586961851516 0.4255827036471842
0.33879014988554834 -0.4088463668648512 0.42230470778019363
0.33712857047272615 -0.3814949975462132 0.414601996713154
0.33752665758831785 -0.3587499186235004 0.4117821093802179
0.33579226598021594 -0.329710070788596 0.40366553931551175
0.33159749812715805 -0.30158374799598797 0.40016821703548444
0.3314489362275497 -0.2708671039346288 0.39081937649545295
0.3271882671939942 -0.22984130821194387 0.38096702745926536
0.32564472498562386 -0.20420480300797578 0.37501121839876417
0.3270649087878966 -0.18244205044740658 0.3694067537071123
0.3248069638327079 -0.15990214549547774 0.3644493276726706
0.3220922727898141 -0.12873820557041737 0.35503022065477696
0.3222430596759968 -0.09920456071447493 0.3500487126679094
0.3237651796923524 -0.07541414735020742 0.3429858651311275
0.3207538079909222 -0.04121781703724771 0.3327237402855281
0.3190217770812715 -0.010529974538714099 0.32454621468184025
0.3157396766956337 0.010606528142101848 0.31920730768874545
0.3145975053613338 0.04835275016237625 0.30900437083103616
0.31267416416087673 0.08093713718548717 0.29823473888212354
0.3113714508187911 0.10401934417014512 0.29241525201346685
0.3086080819883325 0.132006679914065 0.28188113602068626
0.30866389295167734 0.15075308082192385 0.27848821878235697
0.3065379783236762 0.18620381474617792 0.26569872886978896
0.3036960076433273 0.2168607704059741 0.2553781739401297
0.303024340619 0.24847395139193829 0.24478814399225535
0.30300816166220185 0.26775114656187343 0.23787408641962693
0.2999241526228815 0.3013819287414297 0.2277422429402552
0.2992123334615524 0.31451278650332964 0.22261630365142085
0.29907686658655824 0.3355754754007668 0.21630195635176008
0.29667991631602075 0.37687002706025197 0.20023577550204713
0.2974774949635599 0.40581817642622103 0.19030300311553425
0.2957640175936593 0.43551802532457196 0.18006092102567334
0.2899454909578973 0.47304965298864465 0.16606047558152218
0.2906884496154439 0.5044257699130326 0.1552800060150002
0.28922884554425426 0.509343595983422 0.1473326932284878
0.28724837952430105 0.542990443376637 0.13828520272839528
0.2862861618670895 0.5834793504703057 0.12191114420430144
0.2853002108140542 0.6008335371134008 0.11655564526746165
0.28528413979999095 0.6247280841857247 0.10382773825867866
0.28325182645361385 0.6608208670676534 0.09261655614805914
0.2812477394324357 0.6959573312444421 0.07755046371570329
0.2764625558149357 0.7326039420726209 0.06324069811864863
0.2761613922955405 0.7612894982177558 0.0528686349810098
0.2759484207081267 0.7891851728916738 0.03984506905412116
0.27660706771536175 0.8040304685017103 0.04528670502854665
0.2721558058377675 0.8302385478647842 0.048658743436993
0.2714844605614481 0.8401992036700634 0.06587610232028007
0.2718367798381694 0.8584304783165453 0.07638039710601302
0.27272510716160747 0.8911532502678253 0.09012276221358906
0.27034807309714837 0.9095711803580979 0.1008590748886754
0.27045508345514013 0.9287018786998857 0.11158662739826802
0.2709132792745602 0.9461905507356688 0.11996912039569052
0.27053721424047916 0.9527067714554657 0.13135924026545204
0.26869990924049236 0.9831809673528397 0.13940036180527288
0.2681842892730799 0.9899383299202377 0.15084679949184043
0.2665695624480314 1.0199498893578067 0.15789254779734513
0.26698388559816166 1.03684776316911 0.16401434075560561
0.26739969443526446 1.0538832238616052 0.1701869189231805
0.26783979864221263 1.071722526733242 0.1777343603034457
0.2653243336314622 1.0903292882165478 0.18663020663068036
0.26450214456976995 1.1341092772323054 0.1913223144747676
0.2618829593291233 1.1519255834780664 0.19771804017416555
0.2613342808102527 1.1590352052630177 0.2096635283746452
0.2598208140287104 1.1885395593451342 0.2121243446776792
0.2602135736092568 1.2068601198984445 0.21873362786989609
0.2620062016161417 1.200487201300762 0.23227397666388266
0.2610347036442626 1.2446603991840761 0.2335050001892663
0.26077980016458624 1.2508376566977775 0.2444256043814757
0.2622890408835768 1.2803515975642257 0.2444846865519128
0.26196710066061124 1.285195193704264 0.25271350894358685
0.2573515317352356 1.3142716186117396 0.25138818627835274
0.2551377535753623 1.349253330889625 0.2583671554695705
0.25506411939066254 1.3516093455090135 0.26257539482162817
0.25645061607569414 1.3843910512214186 0.2656026616897247
0.25396290831009705 1.403245828409196 0.27137448401767855
0.25456197853694784 1.420116933248535 0.2729163675222571
0.25282756712894944 1.4523401072496809 0.2731734199596197
0.2522929413068573 1.4576916311578882 0.28172475547769815
0.2497051134736206 1.4764726295193165 0.2862079838857575
0.2504916897315957 1.493709606179569 0.2878866433662143
0.2510127657863232 1.5138138739156917 0.29391504112247857
