409 771 515 883
459 774 561 882
502 779 600 881
544 780 634 880
585 787 669 877
619 789 707 881
655 795 739 877
682 792 772 882
718 801 802 879
749 804 825 880
772 806 860 882
800 811 880 881
826 814 902 882
849 814 925 890
871 816 943 890
892 820 962 888
911 823 983 891
927 828 999 888
947 831 1013 891
965 833 1027 893
980 827 1046 893
999 817 1061 879
1016 809 1078 869
1032 795 1090 855
1048 785 1102 843
1062 780 1116 828
1075 762 1129 828
1089 757 1143 817
1102 747 1156 809
1109 740 1171 798
1123 734 1181 788
1137 724 1189 782
1146 715 1200 775
1154 708 1216 768
1165 703 1223 763
1178 697 1232 755
1183 691 1241 745
1196 686 1250 738
1207 681 1255 735
1212 674 1266 732
1220 671 1272 723
1231 667 1279 721
1236 664 1288 712
1243 659 1297 707
1252 655 1304 703
1258 653 1306 701
1267 649 1315 697
1274 647 1322 693
1280 643 1328 691
1283 638 1335 692
1290 637 1338 683
1290 635 1338 681
1288 631 1340 677
1289 629 1337 673
1287 622 1335 670
1287 620 1335 666
1288 615 1328 667
1285 616 1333 662
1285 611 1329 663
1283 610 1331 658
1280 607 1328 653
1281 603 1325 651
1274 602 1328 650
1274 601 1326 647
1275 599 1323 645
1274 597 1322 643
1273 591 1321 643
1272 592 1320 638
1272 590 1320 638
1269 587 1317 635
1268 585 1316 631
1268 585 1312 631
1266 582 1310 628
1263 581 1311 629
1260 582 1308 626
1258 580 1310 626
1258 579 1306 625
1256 574 1304 626
1256 577 1304 623
1256 574 1300 626
1254 573 1302 627
1251 571 1299 625
1250 572 1298 624
1247 573 1295 621
1245 571 1293 623
1244 570 1292 624
1241 573 1289 619
1240 572 1288 620
1238 573 1286 619
1240 574 1284 620
1238 575 1282 621
1235 574 1279 620
1229 571 1283 625
1229 574 1277 622
1225 574 1277 626
1227 577 1271 625
1222 576 1270 628
1220 579 1268 625
1219 577 1267 629
1218 581 1266 627
1213 581 1265 627
1215 580 1259 634
1213 582 1257 634
1209 583 1257 635
1206 586 1254 634
1201 588 1255 636
1202 591 1250 637
1201 593 1249 639
1200 595 1248 641
1196 598 1244 644
1195 597 1243 649
1193 600 1237 652
1189 604 1237 650
1184 606 1236 652
1184 608 1232 654
1182 611 1230 659
1179 611 1227 665
1181 613 1221 667
1178 617 1218 669
1176 619 1216 671
1168 624 1220 676
1170 630 1214 676
1167 629 1211 683
1165 636 1209 682
1161 636 1209 688
1157 639 1205 691
1155 644 1203 692
1154 649 1198 695
1149 651 1197 703
1148 655 1196 703
1143 657 1195 709
1143 666 1191 712
1141 668 1185 720
1139 672 1183 720
1135 674 1179 726
1133 681 1177 729
1131 683 1175 735
1127 687 1175 739
1126 692 1166 744
1123 699 1167 747
1120 705 1164 749
1116 707 1160 759
1114 712 1158 758
1114 714 1154 766
1109 721 1149 767
1105 727 1149 775
1103 732 1147 776
1100 738 1144 784
1098 746 1142 784
1094 748 1138 794
1093 755 1133 795
1089 761 1133 799
1087 762 1127 808
1082 769 1122 815
1081 774 1117 822
1075 780 1115 824
1204 977 1248 1021
