0 729 72 813
29 736 113 814
68 737 152 829
107 740 191 832
142 744 232 836
182 755 266 839
221 760 301 842
259 766 335 844
299 772 371 848
333 777 409 855
370 781 442 857
402 791 478 859
436 798 516 866
470 800 546 874
502 810 574 876
536 816 606 876
569 821 635 881
595 824 667 890
623 830 695 892
650 836 726 896
680 831 750 897
705 821 771 881
727 812 797 874
756 802 818 862
778 793 840 847
799 780 861 840
821 767 887 835
844 761 906 821
866 751 928 819
886 744 952 806
906 737 972 797
927 727 989 793
945 721 1011 781
965 710 1027 778
981 705 1047 765
999 698 1065 760
1018 695 1084 749
1036 686 1098 744
1052 679 1118 739
1070 670 1132 738
1083 669 1145 729
1106 662 1160 724
1116 655 1178 723
1127 651 1193 713
1143 649 1205 709
1159 644 1217 706
1171 638 1233 704
1186 635 1244 697
1197 634 1259 692
1215 629 1269 689
1215 628 1277 682
1219 623 1277 675
1215 616 1277 674
1215 613 1273 671
1215 606 1273 672
1213 605 1271 667
1210 600 1272 662
1210 598 1268 658
1207 596 1269 656
1208 593 1262 653
1204 588 1262 650
1203 587 1261 645
1197 583 1259 641
1197 580 1255 638
1196 576 1254 636
1197 574 1251 634
1196 569 1250 635
1192 569 1250 629
1189 567 1251 627
1188 564 1246 622
1184 563 1246 621
1181 561 1243 621
1179 559 1241 619
1179 559 1237 617
1177 560 1235 614
1179 556 1233 618
1173 555 1235 615
1172 551 1230 617
1168 552 1230 614
1168 550 1226 616
1165 549 1223 615
1162 548 1220 610
1161 550 1219 612
1162 549 1214 609
1158 548 1212 608
1155 548 1213 608
1153 550 1211 604
1150 550 1208 602
1146 549 1208 601
1145 550 1203 602
1142 550 1204 604
1141 549 1199 609
1138 547 1200 615
1136 550 1198 612
1136 552 1194 614
1134 555 1192 613
1132 556 1190 614
1129 556 1183 616
1127 557 1181 617
1123 558 1181 618
1119 559 1181 619
1118 558 1172 624
1117 564 1169 618
1114 564 1168 622
1111 569 1165 623
1109 568 1167 626
1105 571 1163 629
1106 575 1160 629
1102 577 1156 631
1102 578 1156 638
1100 580 1154 638
1097 586 1151 640
1091 588 1149 642
1091 592 1149 644
1089 597 1143 645
1089 600 1137 648
1086 603 1134 651
1085 608 1133 654
1080 609 1128 663
1078 614 1126 662
1076 615 1124 667
1071 620 1123 666
1069 626 1121 674
1066 629 1120 675
1065 633 1117 679
1062 637 1116 683
1058 641 1116 687
1056 645 1108 691
1054 652 1106 692
1050 653 1104 701
1051 658 1099 704
1047 667 1099 707
1045 672 1093 716
1042 673 1090 719
1040 678 1088 724
1037 684 1081 728
1036 689 1076 729
1033 691 1077 737
1030 699 1074 739
1024 702 1076 750
1019 707 1073 753
1020 711 1072 757
1014 716 1068 764
1010 723 1068 769
1012 728 1060 776
1003 733 1061 779
1008 739 1052 785
1004 748 1052 788
1001 748 1049 800
1001 756 1045 800
997 762 1041 808
995 767 1039 811
992 778 1040 816
988 782 1032 822
983 786 1031 832
982 788 1026 842
955 848 999 888
