0.0 0.0 0.0
0.0 1.0556320254389393 -5.551115123125783e-17
0.40068171529078594 1.0434998458523983 0.0016099729474513547
0.3937799888847327 -0.003367161513876238 6.938893903907228e-18
0.41279569596192295 -1.4420922458233267 0.5224076646120668
0.4135363409868485 -1.4015188387888458 0.5231443269126878
0.40587507196054823 -1.3615300485657724 0.5238040781612392
0.40671872931952224 -1.3296381087217168 0.5230323241058515
0.4036286574013193 -1.3003279603952913 0.523545081140563
0.4022350066473565 -1.2629014748008152 0.5222564636546941
0.40116458094373963 -1.2228379619751166 0.5216743177231208
0.39929626006033475 -1.1942661634364378 0.5219121438239068
0.39751897688158183 -1.1571881178310484 0.5184551926601428
0.396409975597783 -1.123924042361805 0.5147179247261504
0.3948887134703454 -1.0915134471639354 0.5131449503789354
0.3931448037102156 -1.0549953063089368 0.5095035369809023
0.38956595894647045 -1.0146000787755574 0.5050161490145142
0.38574397040541386 -0.9820658823339696 0.5028725503359488
0.3874520723729453 -0.9486974213997325 0.4982382325452266
0.3824308967152038 -0.9163886931859728 0.4955124479679553
0.380813365726909 -0.8862770890930384 0.4924125645822568
0.38077135992753947 -0.8466325470040209 0.4842816360964823
0.3770244940590068 -0.8105985691616602 0.48107778979494464
0.374012926828041 -0.7763651303673207 0.4751056074432125
0.3701313927975249 -0.7409127357514971 0.4724050254445894
0.3706383053599589 -0.7107999463851544 0.4659378304311247
0.36831143076369743 -0.6790524285394605 0.45972586125095305
0.36725100364046553 -0.6451470467282394 0.45446421556003763
0.3633023076249974 -0.6091391238622547 0.45018217904900776
0.3589122802874987 -0.567913463844111 0.4400282192373664
0.3573603544229482 -0.5391770663615157 0.43273488820945344
0.35785825015755035 -0.5059324510191383 0.42487593892142406
0.3537068438319206 -0.47108439255697443 0.4173111074740899
0.3512157550017591 -0.44060654806410327 0.4121940676970778
0.3490730495872634 -0.40049712122817105 0.40083347035524713
0.3466121631815769 -0.36860095494380846 0.39303277905637773
0.34458079009852877 -0.33243465997851773 0.3822475883566887
0.3433488831542808 -0.30870759921841756 0.37812819356037397
0.34104995665903753 -0.26940535974181196 0.367366579286511
0.3369349641607002 -0.24129030774608415 0.35925197364779327
0.3349968902881225 -0.20741369091886513 0.35033170555028187
0.3312545423903154 -0.1732560910571048 0.3394534044056173
0.3279492359551831 -0.1472761542255957 0.3302073124131293
0.3270187052743317 -0.11526588485810317 0.32005909840745483
0.3236395966172291 -0.07177889569170408 0.3082126003722938
0.3199013168387243 -0.04224957570289087 0.29881502243561797
0.3189172085871096 -0.007129559630071086 0.2866810447739454
0.31435531528776917 0.03514726597015608 0.27322153979672775
0.3125062737614123 0.06749523127299949 0.2618869418007766
0.30979997041897483 0.09566824761450779 0.25290875932385914
0.3078217797483932 0.12998321800140605 0.24089996312985293
0.30430773815392786 0.15225421528533012 0.230416197906611
0.30217522707013 0.18750532012277366 0.21573720277442304
0.30224238958074645 0.20632127154980145 0.2097146344621737
0.2969543554974357 0.25601499827755314 0.18900472332106452
0.29392662020627464 0.28788046085938734 0.17510114264667462
0.29224693681508296 0.31497928778986306 0.16508832968251796
0.2891465085094136 0.34743460656386926 0.14838106365420514
0.2872797957202626 0.37611103673112445 0.13773165105555385
0.28477319774467214 0.41861990829531487 0.11871113137132372
0.27876137933034173 0.4560163142678819 0.10368685510422379
0.2776001315759136 0.4937030247172975 0.08599381303910936
0.2724270487219862 0.516186381108152 0.07444046484439809
0.27122164385067443 0.5551540064403216 0.05469573935554867
0.26846211173854306 0.5813122957159046 0.047181428642512985
0.26811554349578126 0.6113454068196367 0.045300963607009775
0.26420313341312973 0.6521550854840873 0.06065391239908616
0.2625461398654669 0.6544423834369865 0.08320655158217397
0.2616920214790864 0.6906864252701372 0.08979988447210283
0.2608631354681902 0.7015714555292254 0.10850630510092588
0.2592298361072313 0.7284808025479859 0.11705078382153195
0.2584128136885549 0.7407006485737796 0.13833372326635585
0.255560418746371 0.7601070584992424 0.1521168398036128
0.2548371803618615 0.7716544977296915 0.17235526340463914
0.25384915176107403 0.80820366682649 0.17641695195794083
0.25427253067813793 0.8257146072467216 0.18712579329463197
0.25153192144628855 0.8436969134358397 0.19776294094373353
0.24686437829828706 0.8725742152821541 0.20719362800139568
0.2467330638138012 0.8918799736906258 0.2192662628707951
0.2470231619087022 0.9108575429888393 0.23156922187811801
0.24527179236156765 0.937962053086387 0.23645895028958758
0.24334979076104096 0.9696690179324328 0.24898831782605768
0.23941612480615188 1.0094432260993949 0.2528742988544239
0.23888856474364817 1.0161614166653221 0.2642704431999938
0.23432880816721152 1.0603046912490195 0.2734286068932922
0.23612331432626824 1.0547889981697607 0.286124752497568
0.23374500456224154 1.0734021641204743 0.29665507741545316
0.2330668222829387 1.0810768588513229 0.30947979774989187
0.23113312502407032 1.110640100625453 0.315185661138317
0.23011777360971844 1.1504641451327875 0.31475527408540155
0.2275245684625495 1.1672360728486324 0.3203000447730791
0.22441060098854673 1.1889954582533822 0.3337939497756136
0.2248248310700166 1.2068717336180954 0.34083888282823976
0.22232394271688574 1.223204490881622 0.34524835548412725
0.21965540598129446 1.2405604945719457 0.3510145400418222
0.21899150679801327 1.24638804986101 0.36034703889225417
0.21938944933721097 1.2647347984780613 0.3675935447583563
0.21432919674545506 1.2961434200206234 0.37268394181618414
0.21426471827173343 1.2984323696789426 0.37678672395841367
0.20952916185490442 1.3434293090405807 0.3783791661368558
0.20753580771924812 1.3746485776891446 0.3809099440589128
0.20460681496401165 1.391907986650974 0.38421822504370534
0.20593565409979941 1.4238346284707193 0.3868946981232932
0.20554479238375514 1.4281136123449003 0.39390719911140537
0.20261547712996777 1.4465496335405084 0.3987500829559031
0.19724654238445555 1.4785830322313132 0.4000521401660085
0.19753896391397502 1.4952061489987143 0.4006866866602017
0.19747267703195343 1.4976295001572666 0.4050047337657733
