1024 859 1140 975
992 840 1098 954
970 823 1064 937
937 815 1043 915
920 804 1014 898
903 796 987 882
883 780 971 872
870 776 946 860
853 774 929 850
843 768 915 838
828 762 904 836
816 756 888 824
807 753 877 819
799 749 865 815
792 748 854 808
785 748 843 802
774 744 836 802
770 743 824 797
763 739 817 797
754 740 812 794
750 742 802 788
747 739 791 793
741 738 789 792
733 736 787 790
729 735 783 789
726 737 774 785
718 739 766 785
716 740 764 786
716 739 760 787
711 739 755 785
707 741 751 787
704 745 748 781
703 745 743 785
699 749 739 789
693 748 741 788
694 745 734 791
689 749 733 789
