253 839 369 953
288 823 400 929
322 815 424 909
350 798 456 890
377 787 475 879
402 780 492 864
423 773 511 851
444 764 524 840
464 755 540 839
479 749 555 833
494 746 566 822
508 739 580 815
520 736 590 810
531 738 597 796
545 734 607 796
555 733 613 793
567 732 621 792
569 728 635 786
580 726 638 784
589 728 643 774
596 729 650 775
603 729 655 777
607 726 661 778
617 724 665 778
622 726 674 772
628 727 676 773
633 730 681 770
637 727 685 773
642 727 690 775
646 728 694 774
652 728 696 772
656 728 700 774
661 737 701 769
666 738 706 776
668 735 712 773
672 736 712 780
673 738 717 778
