1082.0000 917.0000
1045.0000 897.0000
1017.0000 880.0000
990.0000 865.0000
967.0000 851.0000
945.0000 839.0000
927.0000 826.0000
908.0000 818.0000
891.0000 812.0000
879.0000 803.0000
866.0000 799.0000
852.0000 790.0000
842.0000 786.0000
832.0000 782.0000
823.0000 778.0000
814.0000 775.0000
805.0000 773.0000
797.0000 770.0000
790.0000 768.0000
783.0000 767.0000
776.0000 765.0000
769.0000 766.0000
765.0000 765.0000
760.0000 763.0000
756.0000 762.0000
750.0000 761.0000
742.0000 762.0000
740.0000 763.0000
738.0000 763.0000
733.0000 762.0000
729.0000 764.0000
726.0000 763.0000
723.0000 765.0000
719.0000 769.0000
717.0000 768.0000
714.0000 768.0000
711.0000 769.0000
