311.0000 896.0000
344.0000 876.0000
373.0000 862.0000
403.0000 844.0000
426.0000 833.0000
447.0000 822.0000
467.0000 812.0000
484.0000 802.0000
502.0000 797.0000
517.0000 791.0000
530.0000 784.0000
544.0000 777.0000
555.0000 773.0000
564.0000 767.0000
576.0000 765.0000
584.0000 763.0000
594.0000 762.0000
602.0000 757.0000
609.0000 755.0000
616.0000 751.0000
623.0000 752.0000
629.0000 753.0000
634.0000 752.0000
641.0000 751.0000
648.0000 749.0000
652.0000 750.0000
657.0000 750.0000
661.0000 750.0000
666.0000 751.0000
670.0000 751.0000
674.0000 750.0000
678.0000 751.0000
681.0000 753.0000
686.0000 757.0000
690.0000 754.0000
692.0000 758.0000
695.0000 758.0000
