0.6830 -1.5774 0.5452
0.6702 -1.5269 0.5441
0.6602 -1.4800 0.5425
0.6498 -1.4270 0.5416
0.6393 -1.3792 0.5400
0.6279 -1.3297 0.5381
0.6183 -1.2810 0.5376
0.6061 -1.2308 0.5352
0.5948 -1.1767 0.5290
0.5865 -1.1308 0.5275
0.5761 -1.0835 0.5239
0.5640 -1.0279 0.5222
0.5549 -0.9828 0.5183
0.5447 -0.9394 0.5164
0.5355 -0.8874 0.5106
0.5251 -0.8429 0.5057
0.5143 -0.7894 0.4980
0.5039 -0.7414 0.4951
0.4942 -0.6969 0.4902
0.4840 -0.6498 0.4857
0.4732 -0.5998 0.4777
0.4617 -0.5510 0.4674
0.4548 -0.5151 0.4628
0.4458 -0.4648 0.4566
0.4381 -0.4159 0.4509
0.4264 -0.3703 0.4429
0.4099 -0.3077 0.4310
0.4053 -0.2767 0.4247
0.4003 -0.2391 0.4172
0.3887 -0.1898 0.4096
0.3788 -0.1439 0.4006
0.3709 -0.1017 0.3932
0.3629 -0.0646 0.3824
0.3517 -0.0065 0.3633
0.3451 0.0348 0.3604
0.3367 0.0692 0.3496
0.3275 0.1124 0.3406
