1138 927 1276 1067
1120 911 1254 1047
1102 893 1232 1037
1085 882 1209 1020
1067 870 1191 1008
1056 859 1168 995
1041 857 1153 979
1026 850 1138 970
1016 840 1124 954
1004 836 1106 948
989 833 1095 935
983 829 1077 929
973 824 1061 922
962 824 1052 916
957 824 1037 908
945 820 1029 904
939 816 1019 898
929 816 1013 894
919 810 1007 894
914 806 1002 890
907 804 991 888
901 806 985 882
895 804 975 880
889 802 969 876
884 804 960 874
882 804 948 874
873 804 945 872
871 805 937 873
868 804 930 872
858 803 928 871
854 807 924 865
856 804 908 870
850 809 904 871
846 809 900 871
837 810 899 870
835 812 893 872
832 813 890 873
828 813 886 875
822 814 884 874
821 817 879 871
820 815 874 875
815 817 869 877
813 819 865 879
811 822 863 876
810 827 858 879
806 823 854 889
801 827 853 889
796 826 854 892
780 832 852 900
783 840 841 898
767 841 843 899
779 846 831 900
778 849 832 903
775 853 829 901
771 852 825 906
768 856 826 908
767 855 825 913
768 859 820 913
764 857 818 919
763 861 811 931
766 867 806 927
765 874 805 926
763 880 803 926
759 880 803 932
752 894 800 938
750 896 802 942
748 898 796 944
747 902 791 946
747 904 787 952
745 909 785 955
744 914 784 958
742 919 782 959
738 920 782 964
738 926 782 964
739 924 779 970
734 928 778 972
736 934 776 972
