118 900 262 1046
146 882 280 1036
175 871 301 1025
198 865 318 995
220 852 340 990
245 844 353 974
261 837 373 959
281 832 389 952
299 823 407 945
314 819 420 933
327 823 433 915
348 820 446 904
358 813 456 905
377 807 467 897
386 806 480 898
398 807 492 889
408 805 506 881
421 804 509 880
432 800 516 876
441 796 525 874
450 795 534 871
461 794 541 868
468 791 552 869
480 794 556 864
488 790 560 864
493 793 569 861
503 789 573 863
508 795 580 855
515 796 585 856
527 796 589 856
528 796 598 854
536 797 602 855
544 800 602 852
547 798 613 856
554 803 616 855
562 800 620 860
565 801 623 861
567 803 629 863
576 804 630 862
580 804 634 862
583 806 641 864
587 810 641 864
589 811 647 865
598 815 646 867
599 812 651 870
607 815 655 869
608 821 660 867
609 825 663 865
619 828 663 880
623 833 667 881
626 832 670 884
630 835 674 889
631 839 683 893
633 838 687 896
635 840 687 900
639 844 691 902
643 848 691 900
642 853 694 899
644 854 696 900
648 859 700 903
655 864 703 902
655 866 703 906
659 874 707 904
661 874 705 912
666 885 714 923
667 886 719 930
675 891 715 931
675 895 715 935
677 898 717 938
677 898 721 944
679 904 723 944
682 904 722 948
684 906 724 952
686 911 726 951
687 918 727 954
690 921 726 959
690 928 730 958
