1207.0000 997.0000
1187.0000 979.0000
1167.0000 965.0000
1147.0000 951.0000
1129.0000 939.0000
1112.0000 927.0000
1097.0000 918.0000
1082.0000 910.0000
1070.0000 897.0000
1055.0000 892.0000
1042.0000 884.0000
1030.0000 879.0000
1017.0000 873.0000
1007.0000 870.0000
997.0000 866.0000
987.0000 862.0000
979.0000 857.0000
971.0000 855.0000
963.0000 852.0000
958.0000 848.0000
949.0000 846.0000
943.0000 844.0000
935.0000 842.0000
929.0000 839.0000
922.0000 839.0000
915.0000 839.0000
909.0000 838.0000
904.0000 839.0000
899.0000 838.0000
893.0000 837.0000
889.0000 836.0000
882.0000 837.0000
877.0000 840.0000
873.0000 840.0000
868.0000 840.0000
864.0000 842.0000
861.0000 843.0000
857.0000 844.0000
853.0000 844.0000
850.0000 844.0000
847.0000 845.0000
842.0000 847.0000
839.0000 849.0000
837.0000 849.0000
834.0000 853.0000
830.0000 856.0000
827.0000 858.0000
825.0000 859.0000
816.0000 866.0000
812.0000 869.0000
805.0000 870.0000
805.0000 873.0000
805.0000 876.0000
802.0000 877.0000
798.0000 879.0000
797.0000 882.0000
796.0000 884.0000
794.0000 886.0000
791.0000 888.0000
787.0000 896.0000
786.0000 897.0000
785.0000 900.0000
783.0000 903.0000
781.0000 906.0000
776.0000 916.0000
776.0000 919.0000
772.0000 921.0000
769.0000 924.0000
767.0000 928.0000
765.0000 932.0000
764.0000 936.0000
762.0000 939.0000
760.0000 942.0000
760.0000 945.0000
759.0000 947.0000
756.0000 950.0000
756.0000 953.0000
