190.0000 973.0000
213.0000 959.0000
238.0000 948.0000
258.0000 930.0000
280.0000 921.0000
299.0000 909.0000
317.0000 898.0000
335.0000 892.0000
353.0000 884.0000
367.0000 876.0000
380.0000 869.0000
397.0000 862.0000
407.0000 859.0000
422.0000 852.0000
433.0000 852.0000
445.0000 848.0000
457.0000 843.0000
465.0000 842.0000
474.0000 838.0000
483.0000 835.0000
492.0000 833.0000
501.0000 831.0000
510.0000 830.0000
518.0000 829.0000
524.0000 827.0000
531.0000 827.0000
538.0000 826.0000
544.0000 825.0000
550.0000 826.0000
558.0000 826.0000
563.0000 825.0000
569.0000 826.0000
573.0000 826.0000
580.0000 827.0000
585.0000 829.0000
591.0000 830.0000
594.0000 831.0000
598.0000 833.0000
603.0000 833.0000
607.0000 833.0000
612.0000 835.0000
614.0000 837.0000
618.0000 838.0000
622.0000 841.0000
625.0000 841.0000
631.0000 842.0000
634.0000 844.0000
636.0000 845.0000
641.0000 854.0000
645.0000 857.0000
648.0000 858.0000
652.0000 862.0000
657.0000 866.0000
660.0000 867.0000
661.0000 870.0000
665.0000 873.0000
667.0000 874.0000
668.0000 876.0000
670.0000 877.0000
674.0000 881.0000
679.0000 883.0000
679.0000 886.0000
683.0000 889.0000
683.0000 893.0000
690.0000 904.0000
693.0000 908.0000
695.0000 911.0000
695.0000 915.0000
697.0000 918.0000
699.0000 921.0000
701.0000 924.0000
702.0000 926.0000
704.0000 929.0000
706.0000 931.0000
707.0000 936.0000
708.0000 940.0000
710.0000 943.0000
