0.9031 -1.8126 0.7749
0.8955 -1.7935 0.7735
0.8878 -1.7722 0.7693
0.8786 -1.7523 0.7682
0.8706 -1.7307 0.7637
0.8621 -1.7101 0.7609
0.8543 -1.6899 0.7576
0.8463 -1.6687 0.7519
0.8395 -1.6473 0.7496
0.8302 -1.6269 0.7442
0.8215 -1.6073 0.7405
0.8136 -1.5835 0.7343
0.8041 -1.5648 0.7288
0.7967 -1.5419 0.7227
0.7890 -1.5225 0.7154
0.7807 -1.5007 0.7090
0.7736 -1.4794 0.7043
0.7666 -1.4625 0.6979
0.7590 -1.4433 0.6926
0.7539 -1.4262 0.6888
0.7449 -1.4047 0.6811
0.7386 -1.3854 0.6749
0.7299 -1.3631 0.6666
0.7230 -1.3435 0.6603
0.7149 -1.3255 0.6533
0.7067 -1.3053 0.6443
0.6991 -1.2853 0.6367
0.6926 -1.2680 0.6292
0.6859 -1.2500 0.6213
0.6775 -1.2260 0.6116
0.6715 -1.2100 0.6059
0.6616 -1.1871 0.5944
0.6544 -1.1709 0.5852
0.6478 -1.1491 0.5753
0.6399 -1.1294 0.5652
0.6330 -1.1086 0.5542
0.6281 -1.0961 0.5473
0.6214 -1.0791 0.5376
0.6139 -1.0588 0.5286
0.6081 -1.0425 0.5215
0.6021 -1.0234 0.5110
0.5937 -1.0077 0.5005
0.5876 -0.9904 0.4906
0.5832 -0.9748 0.4816
0.5772 -0.9597 0.4717
0.5683 -0.9328 0.4566
0.5620 -0.9167 0.4460
0.5577 -0.9056 0.4393
0.5400 -0.8678 0.4080
0.5308 -0.8442 0.3918
0.5153 -0.8141 0.3750
0.5139 -0.8006 0.3634
0.5119 -0.7833 0.3500
0.5041 -0.7631 0.3385
0.4953 -0.7474 0.3258
0.4913 -0.7294 0.3123
0.4881 -0.7186 0.3045
0.4834 -0.7085 0.2956
0.4755 -0.6907 0.2838
0.4646 -0.6617 0.2581
0.4590 -0.6369 0.2437
0.4572 -0.6341 0.2363
0.4499 -0.6097 0.2185
0.4458 -0.6030 0.2079
0.4298 -0.5536 0.1619
0.4281 -0.5401 0.1485
0.4162 -0.5142 0.1291
0.4089 -0.5025 0.1148
0.4023 -0.4846 0.0979
0.3956 -0.4664 0.0806
0.3916 -0.4524 0.0658
0.3854 -0.4387 0.0525
0.3783 -0.4193 0.0353
0.3768 -0.4090 0.0247
0.3737 -0.3996 0.0119
0.3645 -0.3804 -0.0073
0.3631 -0.3698 -0.0194
