114 901 270 1047
173 873 293 1027
214 861 330 1001
248 849 364 971
282 831 394 953
313 819 425 941
340 816 442 916
364 806 462 904
389 807 483 883
408 795 502 873
427 788 517 872
450 782 526 864
464 778 544 854
481 778 557 846
497 775 567 837
511 770 577 836
521 768 593 828
536 768 598 822
547 767 609 821
554 760 620 820
568 762 626 816
576 760 634 814
588 763 640 811
594 762 648 808
603 760 655 808
608 757 662 809
618 755 666 809
624 759 672 811
629 759 677 811
639 756 683 810
644 757 688 809
648 762 696 802
654 758 698 812
660 760 704 812
662 761 710 809
670 763 714 807
676 766 716 810
678 766 722 812
682 766 726 812
689 767 733 811
693 768 733 812
693 772 737 816
702 772 742 818
700 773 744 817
709 776 745 814
707 779 751 819
713 781 757 821
718 778 758 824
720 783 764 821
720 785 764 823
729 786 765 824
729 785 769 829
731 793 771 825
733 792 769 830
738 800 774 832
740 798 780 834
740 799 784 837
743 801 787 833
753 811 789 841
