1153 932 1287 1078
1118 917 1234 1047
1083 888 1207 1026
1057 869 1165 997
1025 853 1133 975
1002 837 1100 957
976 838 1084 938
959 824 1061 924
942 814 1036 908
925 806 1015 896
909 805 999 883
900 798 984 874
887 788 971 872
881 788 953 856
870 784 940 852
862 781 928 849
850 776 922 842
846 772 912 840
837 767 903 841
835 768 889 836
825 765 887 833
820 764 878 832
814 763 872 823
809 764 863 818
803 765 861 817
799 760 857 820
796 763 850 815
794 763 842 815
788 767 836 813
786 763 834 815
783 762 831 816
781 763 825 815
779 766 815 812
771 763 819 817
770 767 818 815
766 766 814 814
767 771 807 811
765 775 805 813
763 771 803 817
760 773 800 819
760 774 796 820
756 780 796 818
755 779 795 823
753 778 793 824
749 779 793 825
750 784 786 822
747 784 787 828
748 787 784 827
745 785 785 829
743 789 787 827
742 796 778 832
741 795 781 833
742 796 782 834
740 797 780 835
740 799 776 837
734 805 778 837
739 805 775 843
733 807 777 845
734 813 768 851
