1220.0000 1005.0000
1176.0000 982.0000
1145.0000 957.0000
1111.0000 933.0000
1079.0000 914.0000
1051.0000 897.0000
1030.0000 888.0000
1010.0000 874.0000
989.0000 861.0000
970.0000 851.0000
954.0000 844.0000
942.0000 836.0000
929.0000 830.0000
917.0000 822.0000
905.0000 818.0000
895.0000 815.0000
886.0000 809.0000
879.0000 806.0000
870.0000 804.0000
862.0000 802.0000
856.0000 799.0000
849.0000 798.0000
843.0000 793.0000
836.0000 791.0000
832.0000 791.0000
828.0000 790.0000
823.0000 789.0000
818.0000 789.0000
812.0000 790.0000
810.0000 789.0000
807.0000 789.0000
803.0000 789.0000
797.0000 789.0000
795.0000 790.0000
794.0000 791.0000
790.0000 790.0000
787.0000 791.0000
785.0000 794.0000
783.0000 794.0000
780.0000 796.0000
778.0000 797.0000
776.0000 799.0000
775.0000 801.0000
773.0000 801.0000
771.0000 802.0000
768.0000 803.0000
767.0000 806.0000
766.0000 807.0000
765.0000 807.0000
765.0000 808.0000
760.0000 814.0000
761.0000 814.0000
762.0000 815.0000
760.0000 816.0000
758.0000 818.0000
756.0000 821.0000
757.0000 824.0000
755.0000 826.0000
751.0000 832.0000
