192.0000 974.0000
233.0000 950.0000
272.0000 931.0000
306.0000 910.0000
338.0000 892.0000
369.0000 880.0000
391.0000 866.0000
413.0000 855.0000
436.0000 845.0000
455.0000 834.0000
472.0000 830.0000
488.0000 823.0000
504.0000 816.0000
519.0000 812.0000
532.0000 806.0000
544.0000 803.0000
557.0000 798.0000
567.0000 795.0000
578.0000 794.0000
587.0000 790.0000
597.0000 789.0000
605.0000 787.0000
614.0000 787.0000
621.0000 785.0000
629.0000 784.0000
635.0000 783.0000
642.0000 782.0000
648.0000 785.0000
653.0000 785.0000
661.0000 783.0000
666.0000 783.0000
672.0000 782.0000
676.0000 785.0000
682.0000 786.0000
686.0000 785.0000
692.0000 785.0000
696.0000 788.0000
700.0000 789.0000
704.0000 789.0000
711.0000 789.0000
713.0000 790.0000
715.0000 794.0000
722.0000 795.0000
722.0000 795.0000
727.0000 795.0000
729.0000 799.0000
735.0000 801.0000
738.0000 801.0000
742.0000 802.0000
742.0000 804.0000
747.0000 805.0000
749.0000 807.0000
751.0000 809.0000
751.0000 811.0000
756.0000 816.0000
760.0000 816.0000
762.0000 818.0000
765.0000 817.0000
771.0000 826.0000
