0.7906 -1.9991 0.7060
0.7772 -1.9606 0.6998
0.7682 -1.9234 0.6959
0.7554 -1.8837 0.6923
0.7421 -1.8418 0.6866
0.7297 -1.7981 0.6787
0.7190 -1.7631 0.6731
0.7081 -1.7253 0.6682
0.6955 -1.6819 0.6611
0.6827 -1.6410 0.6549
0.6714 -1.6024 0.6456
0.6624 -1.5663 0.6399
0.6519 -1.5264 0.6323
0.6414 -1.4862 0.6246
0.6300 -1.4466 0.6163
0.6201 -1.4092 0.6068
0.6104 -1.3686 0.5998
0.6026 -1.3355 0.5925
0.5921 -1.2946 0.5808
0.5819 -1.2577 0.5724
0.5739 -1.2203 0.5630
0.5641 -1.1840 0.5532
0.5551 -1.1450 0.5443
0.5443 -1.1074 0.5349
0.5376 -1.0728 0.5249
0.5307 -1.0430 0.5170
0.5218 -1.0057 0.5067
0.5131 -0.9705 0.4930
0.5021 -0.9340 0.4802
0.4970 -0.8972 0.4717
0.4906 -0.8676 0.4624
0.4818 -0.8291 0.4511
0.4695 -0.7902 0.4356
0.4642 -0.7563 0.4234
0.4611 -0.7343 0.4166
0.4508 -0.6895 0.4034
0.4435 -0.6574 0.3893
0.4381 -0.6288 0.3764
0.4322 -0.5989 0.3669
0.4227 -0.5471 0.3485
0.4173 -0.5262 0.3396
0.4123 -0.5052 0.3264
0.4070 -0.4594 0.3090
0.4019 -0.4484 0.3050
0.3944 -0.4066 0.2905
0.3860 -0.3771 0.2750
0.3806 -0.3324 0.2552
0.3762 -0.3061 0.2455
0.3711 -0.2720 0.2334
0.3715 -0.2724 0.2300
0.3546 -0.2040 0.1983
0.3565 -0.1962 0.1938
0.3586 -0.1885 0.1882
0.3530 -0.1749 0.1794
0.3443 -0.1225 0.1532
0.3352 -0.0755 0.1333
0.3376 -0.0675 0.1247
0.3288 -0.0267 0.1091
0.3124 0.0570 0.0599
