286 829 398 931
306 821 414 921
322 814 428 908
337 804 445 904
356 805 458 891
371 796 465 886
381 789 483 881
399 784 489 876
415 782 499 868
423 782 513 860
440 775 516 859
444 770 532 856
458 768 538 852
464 769 548 845
477 768 553 842
489 768 555 838
490 766 566 836
500 762 572 836
507 762 573 838
515 761 581 837
523 764 585 834
525 760 591 834
530 762 600 830
539 763 605 831
545 763 607 831
546 764 616 824
553 762 619 828
561 765 623 825
565 765 623 825
571 769 625 821
573 770 631 824
580 771 634 825
583 770 631 830
585 773 639 827
590 772 638 830
591 776 645 828
594 777 648 829
597 775 651 833
601 777 655 831
604 779 658 831
608 783 660 829
611 785 659 831
616 789 660 829
617 788 665 836
621 790 665 836
621 794 665 838
624 798 660 836
625 801 669 839
626 799 674 843
628 800 676 848
630 805 678 845
633 810 677 848
636 811 680 849
637 813 681 851
639 815 683 851
640 817 684 855
641 818 685 858
646 820 686 858
645 824 685 862
648 829 684 869
648 832 688 870
652 832 688 878
653 835 689 875
650 838 694 878
