1012 854 1124 960
994 840 1102 948
977 831 1079 943
961 827 1063 929
952 818 1040 924
937 811 1031 913
922 810 1020 904
915 801 1005 899
902 794 992 892
891 792 981 890
885 791 965 877
873 789 957 873
862 785 950 869
857 785 937 861
850 785 926 859
843 786 915 854
834 782 906 852
827 778 899 854
822 780 888 848
813 778 883 846
808 781 878 843
799 780 869 840
797 780 863 838
794 776 856 842
787 781 849 835
781 777 843 837
776 778 838 838
769 781 831 835
769 782 823 834
766 780 818 834
759 785 811 831
753 784 807 836
752 784 800 838
748 783 796 843
743 785 791 843
739 786 791 846
734 788 786 842
734 786 782 846
727 789 779 847
725 790 773 848
720 796 772 844
718 794 766 846
715 798 763 846
711 802 759 846
711 803 755 847
707 808 751 846
704 810 744 850
701 812 741 850
698 812 742 856
693 813 741 857
693 816 737 860
690 818 734 862
684 819 732 863
684 820 728 866
680 823 728 867
682 829 722 867
679 830 719 870
678 833 714 871
675 837 711 873
671 839 701 877
666 842 706 886
665 849 701 885
663 846 699 892
660 851 700 889
