1068.0000 907.0000
1048.0000 894.0000
1028.0000 887.0000
1012.0000 878.0000
996.0000 871.0000
984.0000 862.0000
971.0000 857.0000
960.0000 850.0000
947.0000 843.0000
936.0000 841.0000
925.0000 834.0000
915.0000 831.0000
906.0000 827.0000
897.0000 823.0000
888.0000 822.0000
879.0000 820.0000
870.0000 817.0000
863.0000 816.0000
855.0000 814.0000
848.0000 812.0000
843.0000 812.0000
834.0000 810.0000
830.0000 809.0000
825.0000 809.0000
818.0000 808.0000
812.0000 807.0000
807.0000 808.0000
800.0000 808.0000
796.0000 808.0000
792.0000 807.0000
785.0000 808.0000
780.0000 810.0000
776.0000 811.0000
772.0000 813.0000
767.0000 814.0000
765.0000 816.0000
760.0000 815.0000
758.0000 816.0000
753.0000 818.0000
749.0000 819.0000
746.0000 820.0000
742.0000 820.0000
739.0000 822.0000
735.0000 824.0000
733.0000 825.0000
729.0000 827.0000
724.0000 830.0000
721.0000 831.0000
720.0000 834.0000
717.0000 835.0000
715.0000 838.0000
712.0000 840.0000
708.0000 841.0000
706.0000 843.0000
704.0000 845.0000
702.0000 848.0000
699.0000 850.0000
696.0000 852.0000
693.0000 855.0000
686.0000 858.0000
686.0000 864.0000
683.0000 867.0000
681.0000 869.0000
680.0000 870.0000
