342.0000 880.0000
360.0000 871.0000
375.0000 861.0000
391.0000 854.0000
407.0000 848.0000
418.0000 841.0000
432.0000 835.0000
444.0000 830.0000
457.0000 825.0000
468.0000 821.0000
478.0000 817.0000
488.0000 813.0000
498.0000 810.0000
506.0000 807.0000
515.0000 805.0000
522.0000 803.0000
528.0000 801.0000
536.0000 799.0000
540.0000 800.0000
548.0000 799.0000
554.0000 799.0000
558.0000 797.0000
565.0000 796.0000
572.0000 797.0000
576.0000 797.0000
581.0000 794.0000
586.0000 795.0000
592.0000 795.0000
594.0000 795.0000
598.0000 795.0000
602.0000 797.0000
607.0000 798.0000
607.0000 800.0000
612.0000 800.0000
614.0000 801.0000
618.0000 802.0000
621.0000 803.0000
624.0000 804.0000
628.0000 804.0000
631.0000 805.0000
634.0000 806.0000
635.0000 808.0000
638.0000 809.0000
641.0000 812.0000
643.0000 813.0000
643.0000 816.0000
642.0000 817.0000
647.0000 820.0000
650.0000 821.0000
652.0000 824.0000
654.0000 825.0000
655.0000 829.0000
658.0000 830.0000
659.0000 832.0000
661.0000 833.0000
662.0000 836.0000
663.0000 838.0000
666.0000 839.0000
665.0000 843.0000
666.0000 849.0000
668.0000 851.0000
670.0000 855.0000
671.0000 855.0000
672.0000 858.0000
