0.7291 -1.5053 0.6612
0.7213 -1.4765 0.6589
0.7122 -1.4484 0.6554
0.7053 -1.4204 0.6522
0.6980 -1.3905 0.6474
0.6919 -1.3675 0.6467
0.6854 -1.3390 0.6423
0.6795 -1.3132 0.6395
0.6720 -1.2823 0.6354
0.6652 -1.2548 0.6297
0.6579 -1.2270 0.6267
0.6510 -1.1990 0.6218
0.6447 -1.1708 0.6171
0.6377 -1.1446 0.6130
0.6305 -1.1154 0.6061
0.6227 -1.0884 0.6004
0.6143 -1.0619 0.5955
0.6080 -1.0338 0.5892
0.5998 -1.0110 0.5830
0.5929 -0.9803 0.5761
0.5878 -0.9570 0.5695
0.5774 -0.9290 0.5639
0.5731 -0.9033 0.5580
0.5674 -0.8744 0.5492
0.5586 -0.8476 0.5422
0.5507 -0.8192 0.5369
0.5441 -0.7925 0.5279
0.5343 -0.7564 0.5176
0.5285 -0.7394 0.5127
0.5225 -0.7155 0.5067
0.5118 -0.6823 0.4948
0.5037 -0.6503 0.4833
0.4973 -0.6380 0.4772
0.4904 -0.6074 0.4668
0.4817 -0.5836 0.4581
0.4779 -0.5617 0.4493
0.4687 -0.5323 0.4407
0.4648 -0.5131 0.4334
0.4549 -0.4779 0.4213
0.4468 -0.4496 0.4111
0.4404 -0.4245 0.4019
0.4322 -0.4037 0.3937
0.4255 -0.3773 0.3831
0.4165 -0.3459 0.3690
0.4117 -0.3273 0.3614
0.4032 -0.3097 0.3510
0.3926 -0.2922 0.3413
0.3842 -0.2517 0.3251
0.3808 -0.2308 0.3147
0.3731 -0.2049 0.3025
0.3675 -0.1837 0.2918
0.3600 -0.1627 0.2787
0.3486 -0.1232 0.2640
0.3431 -0.1064 0.2543
0.3370 -0.0828 0.2435
0.3314 -0.0656 0.2313
0.3229 -0.0419 0.2190
0.3129 -0.0039 0.2032
0.3054 0.0069 0.1913
0.2851 0.0573 0.1636
0.2838 0.0708 0.1499
0.2736 0.1048 0.1300
0.2667 0.1257 0.1203
0.2630 0.1399 0.1106
