0.0 0.0 0.0
1.1796119636642288e-16 3.2544262674247775 0.0
1.7584304898471819 3.1341536929121587 0.05661892382650435
1.6108699082364415 -0.032532359049337864 6.938893903907228e-18
0.6912592189305702 -0.5158826882195278 0.39648780100872627
0.6799063509708616 -0.411536780209959 0.4235002841007267
0.6722590344491185 -0.3625163073415834 0.4366921002222842
0.6648423252495056 -0.30744408572476734 0.44607675383318424
0.6606589117472634 -0.2538150442427687 0.4536862501146809
0.6517223711891644 -0.19901736831811928 0.46154825766724117
0.6458910290490184 -0.15448261493782087 0.46959190358885083
0.6388886877461084 -0.09879420473815868 0.4774359655574581
0.6309103816517179 -0.04794774705489849 0.4837159035373993
0.6250482244953 -0.0005692927717984853 0.4890489874038111
0.617854996860358 0.059272272334659516 0.4914227035876922
0.6111330718597742 0.11325546993785703 0.49410947471559724
0.6035741533937825 0.16828362248985998 0.4974162607941705
0.5918980689325762 0.26926953129137515 0.49887766748666673
0.5829764085575245 0.3103821366294195 0.5008686108701218
0.5674214682829875 0.4018103787812942 0.49989493162585774
0.5555439483605717 0.4978194584713724 0.49365499478769154
0.5502726690239599 0.5545180818130158 0.4892970566970739
0.5422112572726023 0.6040161059619416 0.4839551091798001
0.5359473702602724 0.6619264729154919 0.478707342927026
0.523913736939669 0.7542932708302039 0.4678344359682661
0.5187153576726194 0.7913890597995598 0.45978265045479283
0.5100904840510125 0.8413298840385888 0.4511964750144445
0.49585524905698186 0.9495675917131544 0.43275712085814444
0.48483394126657037 1.027408844677535 0.4183243327056295
0.47948688071793755 1.0537503754942659 0.4118073816727755
0.47478809198016847 1.0952866285205463 0.40239557649375446
0.4642651428846685 1.1649425299418061 0.3786230006898256
0.4565728972083921 1.2096931128929747 0.3668949421876865
0.44695550114544463 1.2815786644922196 0.35150846756672177
0.43844682265948165 1.3207343723155385 0.3374520044107203
0.43495798777957134 1.3710933173542563 0.3191701750464216
0.42605811238393343 1.4134270692883606 0.30543467077156106
0.41972965988344135 1.477408739921746 0.2857309718524602
0.4154701447486674 1.5134226054686835 0.26968367353970363
0.40839608709013125 1.547906726943232 0.24783444823257444
0.39864087329374903 1.6177474058608272 0.2257617761129304
0.3854813117138986 1.6903655488120026 0.2025472094238006
0.3833048988707438 1.7319086192800484 0.1796452707528835
0.3611442526481197 1.8872599899655107 0.10520806672045446
0.34957140131462144 1.916633192109756 0.07907406344342893
0.34603766885190607 1.9944716387487107 0.04648367321187363
0.3447557019838593 2.001540098211511 0.0609550598222508
0.3327527558723692 2.064457489218141 0.11194076025186628
0.33158186666318074 2.089092945538224 0.13428755893230043
0.32651024818386754 2.145744800008763 0.15693319529268535
0.3252854346722864 2.185760961098723 0.17459107815725716
0.3211099461201175 2.195375799685779 0.20351368284497118
0.31313825321070454 2.2473506254870017 0.2115969043427144
0.31148105255652603 2.2903236916552063 0.2316967012495259
0.3106703546252983 2.313442965221165 0.24614315268867737
0.29391562025304835 2.4110080649570556 0.2764325275809584
0.2897279901620267 2.41643454688085 0.29325018578265594
0.30000709074048365 2.3926471496077326 0.3169615607765547
0.297972996284825 2.4528953687356037 0.3268263852269522
0.28932000269134306 2.510970324026858 0.3354989962532614
0.29347288214132133 2.4806071878086935 0.354462777333321
0.28058343491428445 2.5572565434062624 0.3619308694575586
0.28001334120717075 2.5622135384894107 0.3740895339703274
0.26531509834965217 2.6997559945450926 0.37036044708204907
0.2706096771684057 2.626144063627754 0.3907552649992382
0.27678793795424117 2.6551936193912486 0.405443626980555
0.259249029708808 2.7541000961007733 0.40376887517995774
0.26665747439928983 2.7407142600358214 0.41609117005698326
0.25152892334337035 2.886385448138864 0.40445281531068356
0.24896239549148813 2.821591709718875 0.4140362915848663
0.250379070541288 2.7790440542884305 0.41871497492393006
0.2904994564392729 3.027362485216076 0.4165917234722296
0.3426490044959607 2.587376489543937 0.428453088806109
0.3788601132401506 2.4237117454690615 0.4157075114407931
0.418977430288959 2.278171757745001 0.41551528824474193
0.4588279757196249 2.111217272525967 0.41143805225449
0.49641565656926256 1.984344296568109 0.4024698540376053
0.5675994996533933 1.7055452191908496 0.38557377784496377
0.6607848977132974 1.3409100707769894 0.3407007910772277
0.6926910282872575 1.2279755987043215 0.3206001223744838
0.7489180899885878 1.0163564462152694 0.2829225843139878
0.7723829171364625 0.8983400404345341 0.26885975969909554
0.7992191991038418 0.7819169958052224 0.2505509960361153
0.8239081025598994 0.6839560165135199 0.22493417731739943
0.8476233811048702 0.5882282055647583 0.20361290601044504
0.8685736774365227 0.4803669166754204 0.1828331621706754
0.8905757088896675 0.3846095187926498 0.15978762424732001
0.9129665337509854 0.29125990232828103 0.13551100903093363
0.9299020347462906 0.19859043183739167 0.12212773476812944
0.9510099225049252 0.10904035920819954 0.12625906967099
0.9688796221327508 0.02851094352873046 0.1528469979228424
0.9864392705544928 -0.05602199417192893 0.18230811699402596
1.0040512275843174 -0.12886920188625547 0.20423354270308863
1.0183840699519542 -0.20173626173608653 0.2276260390750784
1.0350524757808894 -0.27414488425688266 0.24747895501173744
1.0490099367940178 -0.3503646021435702 0.2703414244684948
1.0651826713396244 -0.412479918134964 0.28298855843942816
1.0795996360293942 -0.4793459634398756 0.30168663220864944
