0 733 54 817
14 740 98 826
56 745 136 829
87 749 177 833
128 756 212 840
167 760 247 846
203 764 287 850
243 769 323 859
277 776 357 858
313 786 393 860
351 797 427 863
385 799 461 869
419 805 495 875
459 815 521 875
486 819 558 887
520 827 590 885
548 831 620 891
580 835 652 895
605 838 677 906
634 837 706 903
658 825 730 891
687 818 753 878
713 809 775 869
738 799 800 857
761 788 823 848
779 778 845 838
801 767 871 833
824 759 890 821
850 749 908 817
871 743 933 803
889 736 955 796
907 725 977 793
929 717 995 783
948 710 1014 778
968 705 1034 765
987 699 1053 761
1004 695 1070 749
1022 688 1084 748
1043 681 1097 741
1057 673 1119 741
1070 671 1136 731
1087 665 1149 725
1103 662 1165 722
1120 653 1182 719
1133 651 1195 713
1147 646 1205 712
1163 645 1217 707
1176 640 1234 706
1186 638 1252 698
1199 637 1261 691
1213 633 1271 691
1218 631 1280 685
1218 623 1284 685
1217 622 1279 676
1213 616 1279 674
1215 613 1273 671
1215 609 1269 669
1213 601 1267 669
1210 601 1268 661
1209 594 1263 660
1206 594 1260 654
1205 591 1259 651
1199 586 1261 648
1198 585 1256 639
1197 583 1255 637
1197 581 1251 635
1196 579 1250 633
1191 573 1249 633
1190 571 1248 631
1184 567 1246 633
1182 565 1244 631
1177 567 1243 621
1177 564 1239 624
1178 562 1232 620
1177 561 1229 619
1174 558 1228 618
1172 559 1226 617
1169 557 1223 617
1165 555 1219 615
1161 550 1219 616
1161 553 1215 613
1158 552 1216 612
1154 551 1216 611
1154 551 1212 609
1152 550 1210 610
1149 551 1207 611
1144 548 1206 610
1145 551 1203 609
1140 549 1202 609
1138 551 1200 611
1136 551 1198 611
1135 552 1193 612
1134 553 1188 613
1131 555 1185 609
1127 554 1181 614
1124 553 1178 613
1123 554 1177 614
1120 554 1174 616
1115 556 1169 616
1111 558 1169 616
1109 560 1167 614
1109 562 1163 616
1108 563 1162 615
1106 563 1160 621
1104 570 1158 624
1103 572 1155 626
1098 572 1152 626
1091 573 1153 631
1091 577 1149 629
1089 582 1143 626
1090 583 1138 635
1087 583 1135 635
1087 590 1131 636
1083 591 1131 639
1081 594 1129 640
1076 596 1128 642
1074 600 1122 646
1069 603 1121 649
1065 602 1123 654
1066 608 1120 656
1060 611 1118 659
1059 614 1113 662
1059 618 1107 664
1056 622 1108 668
1053 626 1101 672
1047 634 1105 672
1047 639 1099 671
1045 639 1097 677
1042 641 1090 685
1041 646 1085 690
1038 651 1082 691
1035 653 1079 699
1033 656 1077 702
1029 662 1077 702
1028 668 1072 708
1020 672 1074 716
1020 674 1072 720
1018 678 1066 726
1016 684 1064 728
1015 688 1059 734
1012 694 1056 738
1008 698 1056 742
1003 702 1057 746
1002 709 1050 753
997 712 1049 758
998 721 1042 761
992 728 1040 766
990 728 1038 772
986 733 1034 779
988 738 1028 786
979 743 1031 789
981 750 1025 790
977 753 1025 799
972 762 1024 800
970 764 1018 810
968 771 1016 815
968 776 1012 822
959 796 1003 836
895 973 939 1017
897 963 945 1009
901 958 945 1004
902 957 946 997
903 958 951 996
903 954 951 1000
904 955 948 999
905 972 953 1012
908 975 948 1013
905 983 953 1021
905 984 949 1024
898 1000 950 1046
903 1006 951 1046
901 1005 953 1043
