396 781 504 897
446 786 544 894
489 789 587 897
531 793 625 893
572 801 660 885
606 799 694 891
643 804 727 888
673 809 761 891
709 815 789 891
736 813 820 897
766 819 838 893
792 822 868 896
814 829 890 891
840 831 910 891
859 833 935 893
884 838 950 900
905 839 967 901
923 838 985 904
941 842 1003 908
955 839 1021 905
972 829 1038 889
994 820 1052 874
1009 810 1067 864
1021 799 1087 847
1039 781 1097 847
1055 775 1109 833
1070 765 1124 825
1080 757 1138 815
1091 746 1153 806
1107 740 1161 800
1119 731 1173 793
1125 724 1187 784
1142 714 1196 780
1148 708 1210 770
1160 706 1218 760
1171 696 1229 756
1179 694 1237 748
1190 686 1244 746
1199 682 1253 740
1208 676 1262 736
1217 670 1271 728
1220 670 1278 722
1236 668 1284 716
1239 660 1293 714
1249 658 1297 712
1254 653 1306 707
1262 653 1310 705
1269 654 1321 700
1271 650 1325 696
1285 646 1329 692
1287 645 1335 691
1291 642 1339 688
1290 637 1342 683
1292 634 1340 678
1291 631 1335 677
1287 629 1335 673
1286 623 1334 675
1286 618 1330 670
1285 615 1329 667
1283 615 1327 663
1283 613 1327 659
1281 611 1325 657
1276 608 1324 654
1275 601 1323 653
1274 603 1322 649
1272 601 1320 647
1271 602 1319 642
1270 595 1318 641
1269 594 1313 640
1266 589 1314 643
1263 591 1311 637
1259 589 1313 635
1259 587 1307 633
1254 583 1306 635
1255 582 1303 634
1254 582 1302 630
1252 582 1300 628
1249 578 1297 630
1249 579 1293 627
1245 579 1293 625
1245 577 1293 625
1242 581 1290 619
1238 578 1286 622
1238 576 1286 622
1236 576 1284 622
1235 576 1283 622
1232 576 1280 622
1229 574 1281 622
1229 576 1277 622
1226 575 1274 623
1224 577 1272 623
1220 576 1268 622
1218 576 1266 624
1217 574 1265 626
1215 576 1263 622
1211 574 1259 626
1211 578 1255 624
1206 579 1254 627
1204 580 1252 626
1202 581 1250 627
1202 581 1246 627
1199 583 1247 629
1197 580 1241 632
1194 584 1238 632
1193 586 1237 632
1187 588 1235 634
1185 589 1233 637
1182 589 1234 641
1181 594 1229 640
1179 598 1227 644
1177 597 1221 649
1174 601 1218 647
1171 601 1215 649
1167 603 1215 651
1166 606 1214 654
1166 608 1210 656
1162 607 1206 659
1160 614 1204 660
1153 615 1201 663
1150 615 1198 667
1148 618 1196 670
1146 626 1194 672
1147 628 1191 674
1143 630 1187 678
1142 631 1182 685
1140 636 1180 684
1134 642 1178 688
1132 645 1176 691
1130 648 1174 694
1125 652 1169 700
1125 653 1165 701
1123 657 1163 705
1118 663 1162 709
1118 663 1158 715
1115 669 1155 715
1109 673 1153 721
1109 676 1149 724
1107 682 1147 728
1102 690 1146 728
1101 692 1141 730
1096 697 1140 735
1096 702 1132 740
1091 705 1131 743
1088 710 1128 754
1084 715 1128 755
1080 721 1124 761
1078 723 1118 761
1073 727 1117 771
1072 729 1112 775
1071 739 1107 777
1065 743 1109 781
1065 744 1101 790
1063 751 1099 795
1060 755 1096 799
1055 762 1091 800
1051 768 1091 806
1046 774 1090 804
1208 981 1248 1017
1208 981 1248 1019
1209 980 1249 1018
1207 981 1251 1019
1208 979 1248 1017
1206 981 1250 1019
1208 980 1248 1018
1209 980 1249 1018
1206 981 1250 1021
1206 978 1250 1016
1206 980 1250 1018
1208 980 1248 1018
1209 982 1249 1020
1209 979 1245 1019
1208 981 1248 1021
