213 832 321 954
236 829 334 937
245 820 353 928
264 817 366 917
277 813 379 903
288 806 390 898
304 797 402 889
317 794 411 884
329 791 419 875
338 782 432 872
350 782 440 866
365 778 445 860
376 778 452 856
385 779 461 849
395 774 471 848
405 773 477 847
413 775 483 841
423 776 489 836
428 770 498 838
439 769 501 837
439 769 509 837
449 767 515 835
454 767 520 833
460 769 526 831
467 769 529 829
470 768 536 828
481 769 539 829
488 770 542 828
497 771 545 829
498 772 550 830
505 776 553 830
504 776 558 830
509 777 567 831
513 777 567 831
515 777 573 835
518 778 576 836
527 779 575 833
528 781 582 835
533 782 587 834
535 787 589 833
541 788 589 834
545 792 593 836
551 792 599 838
555 796 599 840
559 799 599 843
558 798 606 850
560 800 608 848
563 803 611 849
567 807 611 853
571 805 615 857
572 809 616 855
572 812 620 856
574 815 622 861
579 816 623 862
581 818 625 864
587 824 627 860
589 826 629 866
594 827 630 871
596 834 632 872
594 835 634 875
597 838 637 878
599 839 639 879
601 839 641 885
601 841 645 887
603 847 643 887
605 851 645 889
606 854 646 892
608 856 652 892
610 861 650 893
