970 867 1090 983
950 852 1070 974
928 851 1044 959
917 838 1023 952
897 834 1005 936
886 825 984 933
867 823 973 917
855 808 957 916
845 811 935 903
833 807 921 897
821 798 911 896
811 800 895 886
803 799 883 881
794 795 874 877
787 793 863 871
774 791 854 869
766 794 846 864
761 794 837 860
754 788 826 864
744 787 820 861
743 786 809 864
738 783 800 861
727 782 793 860
725 786 787 854
718 784 780 852
710 787 776 849
710 787 768 849
706 790 764 844
702 789 760 849
699 789 753 851
695 794 749 848
690 793 744 851
686 792 740 852
677 795 735 849
675 796 733 850
670 795 728 853
670 796 724 856
669 800 717 854
663 803 717 851
660 804 714 852
660 808 712 854
657 807 705 855
657 811 705 857
657 812 701 858
651 817 699 861
648 819 692 865
645 815 693 869
643 821 691 869
639 823 687 871
637 825 685 871
636 829 680 873
633 831 681 875
630 834 678 878
630 834 674 880
626 836 674 880
630 842 666 880
625 842 669 888
625 848 669 886
621 851 669 891
622 851 662 897
621 854 661 898
617 858 661 898
618 859 658 899
615 864 655 904
612 863 656 907
612 869 652 907
611 872 651 910
608 875 652 913
609 879 649 915
