1030.0000 925.0000
1010.0000 913.0000
986.0000 905.0000
970.0000 895.0000
951.0000 885.0000
935.0000 879.0000
920.0000 870.0000
906.0000 862.0000
890.0000 857.0000
877.0000 852.0000
866.0000 847.0000
853.0000 843.0000
843.0000 840.0000
834.0000 836.0000
825.0000 832.0000
814.0000 830.0000
806.0000 829.0000
799.0000 827.0000
790.0000 826.0000
782.0000 824.0000
776.0000 825.0000
769.0000 822.0000
760.0000 821.0000
756.0000 820.0000
749.0000 818.0000
743.0000 818.0000
739.0000 818.0000
735.0000 817.0000
731.0000 819.0000
726.0000 820.0000
722.0000 821.0000
717.0000 822.0000
713.0000 822.0000
706.0000 822.0000
704.0000 823.0000
699.0000 824.0000
697.0000 826.0000
693.0000 827.0000
690.0000 827.0000
687.0000 828.0000
686.0000 831.0000
681.0000 831.0000
681.0000 834.0000
679.0000 835.0000
675.0000 839.0000
670.0000 842.0000
669.0000 842.0000
667.0000 845.0000
663.0000 847.0000
661.0000 848.0000
658.0000 851.0000
657.0000 853.0000
654.0000 856.0000
652.0000 857.0000
650.0000 858.0000
648.0000 861.0000
647.0000 865.0000
647.0000 867.0000
645.0000 871.0000
642.0000 874.0000
641.0000 876.0000
639.0000 878.0000
638.0000 879.0000
635.0000 884.0000
634.0000 885.0000
632.0000 888.0000
631.0000 891.0000
630.0000 894.0000
629.0000 897.0000
