267.0000 893.0000
285.0000 883.0000
299.0000 874.0000
315.0000 867.0000
328.0000 858.0000
339.0000 852.0000
353.0000 843.0000
364.0000 839.0000
374.0000 833.0000
385.0000 827.0000
395.0000 824.0000
405.0000 819.0000
414.0000 817.0000
423.0000 814.0000
433.0000 811.0000
441.0000 810.0000
448.0000 808.0000
456.0000 806.0000
463.0000 804.0000
470.0000 803.0000
474.0000 803.0000
482.0000 801.0000
487.0000 800.0000
493.0000 800.0000
498.0000 799.0000
503.0000 798.0000
510.0000 799.0000
515.0000 799.0000
521.0000 800.0000
524.0000 801.0000
529.0000 803.0000
531.0000 803.0000
538.0000 804.0000
540.0000 804.0000
544.0000 806.0000
547.0000 807.0000
551.0000 806.0000
555.0000 808.0000
560.0000 808.0000
562.0000 810.0000
565.0000 811.0000
569.0000 814.0000
575.0000 815.0000
577.0000 818.0000
579.0000 821.0000
582.0000 824.0000
584.0000 824.0000
587.0000 826.0000
589.0000 830.0000
593.0000 831.0000
594.0000 832.0000
596.0000 834.0000
598.0000 838.0000
601.0000 839.0000
603.0000 841.0000
607.0000 842.0000
609.0000 846.0000
612.0000 849.0000
614.0000 853.0000
614.0000 855.0000
617.0000 858.0000
619.0000 859.0000
621.0000 862.0000
623.0000 864.0000
623.0000 867.0000
625.0000 870.0000
626.0000 873.0000
630.0000 874.0000
630.0000 877.0000
