1.0131 -1.3500 0.7304
0.9994 -1.3261 0.7269
0.9817 -1.3020 0.7215
0.9689 -1.2785 0.7175
0.9530 -1.2545 0.7141
0.9387 -1.2332 0.7095
0.9241 -1.2076 0.7061
0.9099 -1.1848 0.7016
0.8930 -1.1605 0.6961
0.8780 -1.1357 0.6910
0.8645 -1.1127 0.6853
0.8479 -1.0866 0.6791
0.8342 -1.0636 0.6723
0.8210 -1.0403 0.6667
0.8068 -1.0141 0.6602
0.7898 -0.9880 0.6513
0.7764 -0.9659 0.6443
0.7635 -0.9421 0.6374
0.7474 -0.9165 0.6291
0.7320 -0.8911 0.6210
0.7206 -0.8741 0.6136
0.7051 -0.8458 0.6059
0.6871 -0.8199 0.5970
0.6766 -0.7990 0.5898
0.6608 -0.7744 0.5823
0.6462 -0.7508 0.5739
0.6336 -0.7250 0.5635
0.6219 -0.7034 0.5560
0.6091 -0.6787 0.5444
0.5961 -0.6596 0.5354
0.5832 -0.6362 0.5240
0.5703 -0.6188 0.5163
0.5546 -0.5872 0.5034
0.5360 -0.5633 0.4938
0.5270 -0.5450 0.4843
0.5113 -0.5217 0.4733
0.5017 -0.5021 0.4649
0.4865 -0.4765 0.4523
0.4723 -0.4486 0.4414
0.4615 -0.4322 0.4322
0.4548 -0.4177 0.4230
0.4350 -0.3858 0.4074
0.4265 -0.3609 0.3942
0.4177 -0.3460 0.3844
0.4024 -0.3244 0.3687
0.3819 -0.2937 0.3500
0.3754 -0.2806 0.3447
0.3638 -0.2596 0.3311
0.3470 -0.2352 0.3147
0.3329 -0.2074 0.3012
0.3204 -0.1906 0.2898
0.3131 -0.1766 0.2797
0.2983 -0.1543 0.2626
0.2848 -0.1293 0.2499
0.2730 -0.1096 0.2381
0.2566 -0.0779 0.2202
0.2484 -0.0628 0.2048
0.2417 -0.0456 0.1919
0.2291 -0.0249 0.1736
0.2166 -0.0109 0.1612
0.2052 0.0124 0.1451
0.1915 0.0353 0.1312
0.1822 0.0532 0.1185
0.1634 0.0818 0.0968
0.1590 0.0866 0.0896
0.1444 0.1106 0.0711
0.1370 0.1223 0.0582
0.1208 0.1564 0.0376
0.1160 0.1611 0.0276
