110 884 266 1022
162 861 288 991
200 843 316 973
234 827 342 963
261 820 373 932
288 806 394 908
314 793 422 899
340 788 428 882
360 782 450 868
378 770 468 854
396 765 484 841
412 753 496 837
426 756 510 824
442 744 518 820
453 740 533 810
469 736 539 804
479 734 551 794
492 727 558 787
499 721 569 783
511 720 573 778
520 716 582 774
525 716 591 764
532 710 598 764
544 706 602 764
550 709 608 755
554 701 620 755
564 698 622 750
572 700 626 748
577 700 631 744
584 697 632 743
590 692 638 740
594 693 642 739
601 691 645 737
605 690 653 736
608 688 656 734
612 690 660 730
617 687 661 733
623 689 663 729
629 682 669 730
630 683 674 729
635 683 675 729
640 684 674 730
641 681 681 725
645 677 685 731
648 681 688 727
648 683 688 727
657 681 693 719
657 677 697 723
661 679 701 725
665 681 701 727
668 680 704 720
668 681 708 719
674 678 710 722
673 678 713 724
679 681 715 717
681 681 717 719
682 680 722 726
686 681 722 727
690 683 724 721
693 681 727 725
695 685 731 723
