1110 898 1248 1042
1081 879 1205 1007
1051 859 1175 989
1032 844 1144 968
1005 832 1117 946
988 818 1086 924
971 804 1065 910
952 794 1050 894
935 789 1029 875
923 775 1007 867
910 765 994 859
898 763 982 845
889 760 965 830
877 751 949 827
865 742 941 820
857 734 929 816
851 738 917 804
844 730 906 798
835 725 901 793
824 716 894 792
817 720 883 782
814 716 872 776
804 709 870 775
803 709 861 769
794 706 856 766
792 707 844 761
785 704 839 758
783 702 837 756
778 696 832 756
776 703 820 749
767 696 821 748
765 693 819 745
760 692 814 746
762 695 802 739
754 691 802 737
751 687 799 741
748 690 796 736
747 688 791 734
743 690 787 728
740 687 788 733
736 685 784 733
735 687 779 731
737 686 773 730
730 683 774 729
727 684 771 728
728 687 768 725
727 686 763 726
724 685 764 725
720 685 764 725
720 684 760 728
720 686 754 726
720 682 756 728
715 682 755 728
715 684 755 728
714 688 748 724
713 685 749 723
713 685 749 725
709 687 749 725
709 687 743 725
708 688 742 726
704 688 744 726
