1179.0000 970.0000
1143.0000 943.0000
1113.0000 924.0000
1088.0000 906.0000
1061.0000 889.0000
1037.0000 871.0000
1018.0000 857.0000
1001.0000 844.0000
982.0000 832.0000
965.0000 821.0000
952.0000 812.0000
940.0000 804.0000
927.0000 795.0000
913.0000 789.0000
903.0000 781.0000
893.0000 775.0000
884.0000 771.0000
875.0000 764.0000
868.0000 759.0000
859.0000 754.0000
850.0000 751.0000
843.0000 746.0000
837.0000 742.0000
832.0000 739.0000
825.0000 736.0000
818.0000 734.0000
812.0000 731.0000
810.0000 729.0000
805.0000 726.0000
798.0000 726.0000
794.0000 722.0000
792.0000 719.0000
787.0000 719.0000
782.0000 717.0000
778.0000 714.0000
775.0000 714.0000
772.0000 713.0000
769.0000 711.0000
765.0000 709.0000
764.0000 710.0000
760.0000 709.0000
757.0000 709.0000
755.0000 708.0000
752.0000 706.0000
749.0000 706.0000
748.0000 706.0000
745.0000 706.0000
744.0000 705.0000
742.0000 705.0000
740.0000 706.0000
737.0000 706.0000
738.0000 705.0000
735.0000 705.0000
735.0000 706.0000
731.0000 706.0000
731.0000 704.0000
731.0000 705.0000
729.0000 706.0000
726.0000 706.0000
725.0000 707.0000
724.0000 707.0000
