188.0000 953.0000
225.0000 926.0000
258.0000 908.0000
288.0000 895.0000
317.0000 876.0000
341.0000 857.0000
368.0000 846.0000
384.0000 835.0000
405.0000 825.0000
423.0000 812.0000
440.0000 803.0000
454.0000 795.0000
468.0000 790.0000
480.0000 782.0000
493.0000 775.0000
504.0000 770.0000
515.0000 764.0000
525.0000 757.0000
534.0000 752.0000
542.0000 749.0000
551.0000 745.0000
558.0000 740.0000
565.0000 737.0000
573.0000 735.0000
579.0000 732.0000
587.0000 728.0000
593.0000 724.0000
599.0000 724.0000
604.0000 722.0000
608.0000 720.0000
614.0000 716.0000
618.0000 716.0000
623.0000 714.0000
629.0000 713.0000
632.0000 711.0000
636.0000 710.0000
639.0000 710.0000
643.0000 709.0000
649.0000 706.0000
652.0000 706.0000
655.0000 706.0000
657.0000 707.0000
661.0000 703.0000
665.0000 704.0000
668.0000 704.0000
668.0000 705.0000
675.0000 700.0000
677.0000 700.0000
681.0000 702.0000
683.0000 704.0000
686.0000 700.0000
688.0000 700.0000
692.0000 700.0000
693.0000 701.0000
697.0000 699.0000
699.0000 700.0000
702.0000 703.0000
704.0000 704.0000
707.0000 702.0000
710.0000 703.0000
713.0000 704.0000
