1.3004 -1.4280 0.8045
1.2758 -1.4002 0.8010
1.2528 -1.3736 0.7945
1.2313 -1.3474 0.7876
1.2060 -1.3184 0.7817
1.1815 -1.2909 0.7784
1.1585 -1.2607 0.7704
1.1383 -1.2385 0.7670
1.1129 -1.2091 0.7594
1.0884 -1.1810 0.7543
1.0670 -1.1542 0.7482
1.0465 -1.1298 0.7429
1.0234 -1.1033 0.7357
0.9984 -1.0770 0.7288
0.9767 -1.0501 0.7233
0.9549 -1.0250 0.7166
0.9334 -0.9994 0.7095
0.9112 -0.9733 0.7050
0.8922 -0.9499 0.6999
0.8694 -0.9254 0.6928
0.8444 -0.8977 0.6840
0.8239 -0.8743 0.6796
0.8045 -0.8516 0.6737
0.7853 -0.8271 0.6661
0.7630 -0.8033 0.6592
0.7373 -0.7735 0.6500
0.7151 -0.7484 0.6439
0.7021 -0.7296 0.6374
0.6823 -0.7072 0.6312
0.6579 -0.6838 0.6219
0.6375 -0.6580 0.6172
0.6253 -0.6419 0.6129
0.6025 -0.6166 0.6034
0.5769 -0.5867 0.5930
0.5587 -0.5672 0.5888
0.5415 -0.5469 0.5810
0.5257 -0.5294 0.5743
0.5073 -0.5073 0.5678
0.4804 -0.4742 0.5585
0.4703 -0.4604 0.5520
0.4487 -0.4378 0.5431
0.4328 -0.4218 0.5351
0.4151 -0.3986 0.5305
0.3931 -0.3726 0.5207
0.3730 -0.3503 0.5112
0.3689 -0.3474 0.5088
0.3367 -0.3049 0.4967
0.3266 -0.2919 0.4925
0.3061 -0.2662 0.4798
0.2911 -0.2500 0.4697
0.2674 -0.2230 0.4627
0.2658 -0.2162 0.4615
0.2382 -0.1837 0.4480
0.2350 -0.1788 0.4438
0.2009 -0.1402 0.4299
0.1937 -0.1286 0.4266
0.1833 -0.1125 0.4156
0.1654 -0.0927 0.4048
0.1373 -0.0607 0.3938
0.1200 -0.0381 0.3821
0.1023 -0.0147 0.3713
