1147 938 1303 1080
1089 897 1219 1053
1045 873 1165 1003
1001 841 1113 961
964 828 1076 934
937 807 1039 907
914 796 1002 880
887 781 981 865
871 771 951 849
854 765 926 833
839 747 909 831
826 742 892 818
812 738 878 806
801 734 863 796
788 735 850 789
778 723 836 785
768 722 830 780
764 718 818 778
753 716 807 770
749 719 797 763
739 713 793 761
734 712 782 758
727 709 775 761
720 710 768 756
720 710 764 756
709 707 757 755
707 711 751 749
700 709 748 753
698 709 742 753
695 710 735 750
691 709 731 753
686 710 726 750
685 712 725 752
677 710 721 754
678 713 714 749
675 714 711 752
663 717 703 755
663 720 697 750
659 720 695 758
655 720 691 758
648 725 688 761
645 731 679 767
