89 893 237 1041
157 867 283 997
216 834 328 962
261 813 373 933
301 798 409 906
347 788 431 872
369 777 467 855
404 764 480 840
432 759 504 821
446 745 522 815
473 741 539 803
488 735 554 793
506 729 568 789
521 724 579 782
531 717 589 775
544 715 602 767
555 716 613 762
566 711 620 757
576 711 624 757
584 706 632 754
590 704 642 752
599 704 651 748
608 702 652 748
616 704 656 744
620 700 664 746
627 696 667 748
634 701 670 745
636 700 676 744
641 697 681 743
646 700 686 746
650 700 690 744
659 706 689 742
657 704 697 742
661 704 701 742
663 707 703 745
668 706 704 746
673 711 713 747
677 714 713 746
679 713 715 751
679 717 715 749
681 717 717 753
687 721 723 757
