1225.0000 1018.0000
1154.0000 975.0000
1105.0000 938.0000
1057.0000 901.0000
1020.0000 881.0000
988.0000 857.0000
958.0000 838.0000
934.0000 823.0000
911.0000 810.0000
890.0000 799.0000
874.0000 789.0000
859.0000 780.0000
845.0000 772.0000
832.0000 765.0000
819.0000 762.0000
807.0000 754.0000
799.0000 751.0000
791.0000 748.0000
780.0000 743.0000
773.0000 741.0000
766.0000 737.0000
758.0000 735.0000
751.0000 735.0000
744.0000 733.0000
742.0000 733.0000
733.0000 731.0000
729.0000 730.0000
724.0000 731.0000
720.0000 731.0000
715.0000 730.0000
711.0000 731.0000
706.0000 730.0000
705.0000 732.0000
699.0000 732.0000
696.0000 731.0000
693.0000 733.0000
683.0000 736.0000
680.0000 735.0000
677.0000 739.0000
673.0000 739.0000
668.0000 743.0000
662.0000 749.0000
