163.0000 967.0000
220.0000 932.0000
272.0000 898.0000
317.0000 873.0000
355.0000 852.0000
389.0000 830.0000
418.0000 816.0000
442.0000 802.0000
468.0000 790.0000
484.0000 780.0000
506.0000 772.0000
521.0000 764.0000
537.0000 759.0000
550.0000 753.0000
560.0000 746.0000
573.0000 741.0000
584.0000 739.0000
593.0000 734.0000
600.0000 734.0000
608.0000 730.0000
616.0000 728.0000
625.0000 726.0000
630.0000 725.0000
636.0000 724.0000
642.0000 723.0000
647.0000 722.0000
652.0000 723.0000
656.0000 722.0000
661.0000 720.0000
666.0000 723.0000
670.0000 722.0000
674.0000 724.0000
677.0000 723.0000
681.0000 723.0000
683.0000 726.0000
686.0000 726.0000
693.0000 729.0000
695.0000 730.0000
697.0000 732.0000
697.0000 733.0000
699.0000 735.0000
705.0000 739.0000
