1.5614 -1.4617 0.8548
1.5171 -1.4207 0.8445
1.4789 -1.3779 0.8372
1.4355 -1.3329 0.8284
1.3957 -1.2903 0.8164
1.3555 -1.2457 0.8082
1.3135 -1.2016 0.7965
1.2750 -1.1605 0.7866
1.2319 -1.1126 0.7727
1.1924 -1.0746 0.7625
1.1523 -1.0273 0.7482
1.1151 -0.9876 0.7377
1.0754 -0.9437 0.7235
1.0368 -0.9026 0.7114
0.9983 -0.8649 0.6990
0.9549 -0.8177 0.6854
0.9206 -0.7786 0.6706
0.8867 -0.7414 0.6591
0.8453 -0.7025 0.6439
0.8110 -0.6652 0.6314
0.7745 -0.6254 0.6181
0.7303 -0.5777 0.5996
0.6952 -0.5438 0.5844
0.6557 -0.5038 0.5685
0.6334 -0.4751 0.5569
0.5843 -0.4292 0.5381
0.5536 -0.3960 0.5229
0.5200 -0.3626 0.5074
0.4861 -0.3258 0.4928
0.4459 -0.2844 0.4715
0.4120 -0.2493 0.4554
0.3713 -0.2089 0.4353
0.3545 -0.1885 0.4251
0.3048 -0.1403 0.4024
0.2790 -0.1156 0.3883
0.2480 -0.0840 0.3710
0.1508 0.0097 0.3185
0.1198 0.0398 0.3041
0.0885 0.0688 0.2817
0.0592 0.0910 0.2687
0.0104 0.1337 0.2388
-0.0740 0.2173 0.1833
