252 835 368 955
277 823 389 935
295 816 407 922
314 808 422 908
335 799 437 899
351 796 449 890
363 787 469 885
382 785 476 875
401 778 485 870
407 773 501 865
421 769 511 859
432 767 520 849
444 762 532 848
455 759 535 843
464 756 548 842
474 754 554 838
486 754 562 830
491 752 571 828
505 751 575 825
508 749 584 825
519 751 589 821
529 747 595 825
537 750 599 818
542 750 604 818
547 750 609 818
550 751 616 819
557 748 623 818
565 753 623 815
567 750 629 816
573 753 635 811
580 750 638 816
586 754 640 814
585 755 647 815
592 759 650 813
598 760 652 814
604 759 656 813
610 761 658 815
614 764 662 816
617 769 665 817
616 770 670 816
621 771 673 819
625 771 673 819
625 776 679 822
627 776 681 822
635 779 683 825
637 779 685 827
639 780 691 826
644 781 692 829
645 784 693 828
648 788 696 828
655 793 695 831
657 793 697 837
657 800 701 832
657 800 705 838
660 801 708 841
664 802 708 848
662 808 710 848
668 812 712 848
666 816 714 848
669 818 713 850
670 817 714 853
673 821 717 857
676 821 720 859
681 826 717 862
