1033 848 1153 978
1018 840 1130 962
999 830 1111 952
981 822 1093 936
972 816 1070 924
956 811 1054 911
941 806 1043 900
932 795 1030 895
921 791 1011 889
914 788 998 882
899 787 989 871
891 785 975 869
884 782 964 860
873 778 953 856
865 772 945 856
857 768 937 852
848 770 928 844
843 769 919 839
836 768 908 838
833 769 899 835
826 767 892 835
819 770 885 830
812 765 878 833
812 768 870 828
802 768 868 830
801 768 859 828
796 767 854 827
789 770 851 824
785 768 843 826
783 768 837 826
779 768 831 828
775 771 827 825
769 771 823 829
765 772 819 826
765 771 813 831
759 775 813 829
760 777 804 829
758 779 798 831
756 777 796 835
747 781 795 833
745 782 793 836
741 783 789 837
735 785 789 839
734 790 782 838
735 788 779 842
731 790 775 844
728 796 772 842
725 797 769 843
726 799 766 845
724 800 764 844
722 805 762 845
722 804 758 856
720 810 760 854
715 812 755 858
713 818 753 856
709 819 753 859
705 819 753 863
702 820 750 864
703 827 743 867
702 829 742 869
700 832 740 870
697 830 741 874
698 832 738 878
697 838 733 876
