1093.0000 913.0000
1074.0000 901.0000
1055.0000 891.0000
1037.0000 879.0000
1021.0000 870.0000
1005.0000 861.0000
992.0000 853.0000
981.0000 845.0000
966.0000 840.0000
956.0000 835.0000
944.0000 829.0000
933.0000 827.0000
924.0000 821.0000
913.0000 817.0000
905.0000 814.0000
897.0000 810.0000
888.0000 807.0000
881.0000 804.0000
872.0000 803.0000
866.0000 802.0000
859.0000 801.0000
852.0000 800.0000
845.0000 799.0000
841.0000 798.0000
835.0000 799.0000
830.0000 798.0000
825.0000 797.0000
820.0000 797.0000
814.0000 797.0000
810.0000 797.0000
805.0000 798.0000
801.0000 798.0000
796.0000 800.0000
792.0000 799.0000
789.0000 801.0000
786.0000 802.0000
782.0000 803.0000
778.0000 805.0000
776.0000 806.0000
771.0000 807.0000
769.0000 809.0000
765.0000 810.0000
762.0000 812.0000
758.0000 814.0000
757.0000 815.0000
753.0000 817.0000
750.0000 819.0000
747.0000 820.0000
746.0000 822.0000
744.0000 822.0000
742.0000 825.0000
740.0000 830.0000
740.0000 832.0000
735.0000 835.0000
733.0000 837.0000
731.0000 839.0000
729.0000 841.0000
726.0000 842.0000
723.0000 847.0000
722.0000 849.0000
720.0000 851.0000
719.0000 852.0000
718.0000 855.0000
715.0000 857.0000
