310.0000 895.0000
333.0000 879.0000
351.0000 869.0000
368.0000 858.0000
386.0000 849.0000
400.0000 843.0000
416.0000 836.0000
429.0000 830.0000
443.0000 824.0000
454.0000 819.0000
466.0000 814.0000
476.0000 808.0000
488.0000 805.0000
495.0000 801.0000
506.0000 799.0000
514.0000 796.0000
524.0000 792.0000
531.0000 790.0000
540.0000 788.0000
546.0000 787.0000
554.0000 786.0000
562.0000 786.0000
568.0000 784.0000
573.0000 784.0000
578.0000 784.0000
583.0000 785.0000
590.0000 783.0000
594.0000 784.0000
598.0000 783.0000
604.0000 782.0000
609.0000 783.0000
613.0000 784.0000
616.0000 785.0000
621.0000 786.0000
625.0000 787.0000
630.0000 786.0000
634.0000 788.0000
638.0000 790.0000
641.0000 793.0000
643.0000 793.0000
647.0000 795.0000
649.0000 795.0000
652.0000 799.0000
654.0000 799.0000
659.0000 802.0000
661.0000 803.0000
665.0000 803.0000
668.0000 805.0000
669.0000 806.0000
672.0000 808.0000
675.0000 812.0000
677.0000 815.0000
679.0000 816.0000
681.0000 819.0000
684.0000 821.0000
686.0000 825.0000
686.0000 828.0000
690.0000 830.0000
690.0000 832.0000
691.0000 834.0000
692.0000 835.0000
695.0000 839.0000
698.0000 840.0000
699.0000 844.0000
