0.8460 -1.4850 0.6309
0.8388 -1.4562 0.6303
0.8301 -1.4294 0.6280
0.8214 -1.4021 0.6273
0.8135 -1.3734 0.6247
0.8045 -1.3468 0.6219
0.7973 -1.3188 0.6192
0.7908 -1.2941 0.6176
0.7807 -1.2632 0.6128
0.7739 -1.2390 0.6101
0.7650 -1.2101 0.6066
0.7563 -1.1835 0.6026
0.7491 -1.1547 0.5987
0.7392 -1.1298 0.5956
0.7321 -1.1011 0.5900
0.7244 -1.0759 0.5867
0.7154 -1.0445 0.5819
0.7079 -1.0203 0.5780
0.6979 -0.9878 0.5708
0.6908 -0.9651 0.5658
0.6823 -0.9354 0.5588
0.6733 -0.9042 0.5510
0.6639 -0.8762 0.5452
0.6583 -0.8557 0.5404
0.6497 -0.8305 0.5328
0.6422 -0.8064 0.5262
0.6342 -0.7758 0.5201
0.6262 -0.7526 0.5130
0.6164 -0.7261 0.5065
0.6092 -0.6976 0.4996
0.6001 -0.6687 0.4903
0.5926 -0.6447 0.4830
0.5833 -0.6205 0.4740
0.5750 -0.5913 0.4660
0.5685 -0.5681 0.4572
0.5615 -0.5402 0.4496
0.5527 -0.5121 0.4393
0.5435 -0.4830 0.4279
0.5384 -0.4642 0.4191
0.5274 -0.4379 0.4108
0.5216 -0.4138 0.4005
0.5122 -0.3899 0.3928
0.5042 -0.3651 0.3802
0.4943 -0.3399 0.3711
0.4895 -0.3123 0.3595
0.4790 -0.2857 0.3488
0.4695 -0.2525 0.3372
0.4603 -0.2234 0.3257
0.4571 -0.2138 0.3199
0.4502 -0.1882 0.3104
0.4429 -0.1626 0.2956
0.4361 -0.1422 0.2812
0.4347 -0.1311 0.2748
0.4195 -0.0939 0.2570
0.4115 -0.0654 0.2439
0.4041 -0.0426 0.2303
0.3982 -0.0319 0.2214
0.3859 0.0109 0.2046
0.3766 0.0277 0.1913
0.3725 0.0400 0.1828
0.3653 0.0586 0.1733
0.3592 0.0851 0.1590
0.3528 0.1122 0.1455
0.3419 0.1383 0.1298
