0.0 0.0 0.0
2.636779683484747e-16 3.2134267831288543 1.1102230246251565e-16
1.8087665668184418 2.506274925374034 0.13976933896518948
1.2955470687805735 -0.29591909577795034 0.0
0.582764712070057 -0.24251662532498613 0.32359450289777797
0.6002074013565121 -0.20889764209078093 0.34199123368178563
0.5823218572708713 -0.16711663890565187 0.34783415988946476
0.5919008355267557 -0.12782863835715386 0.3624234718369541
0.5839711660265512 -0.08769610340701695 0.3727859868032998
0.5899012433334963 -0.049716104926098965 0.38255039802572155
0.593255428010627 -0.012989240941621398 0.39226955298109667
0.5959459950234743 0.028365618304964653 0.4048586972698377
0.6042801904333126 0.06689299535869032 0.4096955836048549
0.6019313247222922 0.10938270780298762 0.41605399019024475
0.5960323997124107 0.14909850707574687 0.42288473153419887
0.60030163418348 0.18522937782564278 0.42302576484678883
0.5786460539087565 0.23951256574580118 0.4260046570261033
0.5910800296069767 0.2719613665963709 0.4330007898736961
0.5809663375760499 0.3150733252924877 0.43232972740084097
0.5847211791463472 0.35434452777124925 0.4351656183648932
0.5698645565282798 0.4028454923736545 0.4360802427472244
0.5768899190503932 0.4400929598735806 0.43687538205927634
0.5857147142955265 0.47498290949090954 0.43697942850564775
0.5767477916693627 0.5198106735288001 0.43228313386963296
0.5749799598943954 0.5611576723254413 0.4295950791286308
0.5816709901375208 0.5979589609315136 0.4256503919690773
0.5676619893599899 0.6448047002999844 0.4222695373239999
0.5555932923863193 0.6918592761413472 0.41415042334302365
0.5636785972754176 0.7252479105460624 0.4138932852987713
0.5547803969573954 0.7730088221280664 0.4024275985490203
0.5584262958805712 0.808980832046465 0.3976329262946377
0.5566565130534331 0.8502552120443327 0.3892934852516164
0.5491928454067049 0.9003705163507437 0.3810669269273061
0.5406472205920292 0.9435704844331271 0.3700436115212008
0.5180225060346866 1.0001356283261782 0.35634253108557123
0.5320664900751699 1.0257344554930072 0.34999766200854154
0.518673173894205 1.0741553429529282 0.33209872222248693
0.5374034746920363 1.1041672847409392 0.3248988812418584
0.5150125880440626 1.1619197568717488 0.3112179331311402
0.5047813100475772 1.2149915356436047 0.29110810882837107
0.5139501375663673 1.2390280528457294 0.2749568156703007
0.5078974984232899 1.2816554096316577 0.2608628153635505
0.5052130764170335 1.3265185911506296 0.24265645671654187
0.48274590271697765 1.3841794877503126 0.2227205846098156
0.489795247365372 1.4217122326162177 0.20440961410997996
0.49223734909772165 1.45541290324945 0.18962782358891392
0.48120313706307716 1.5058219359592662 0.16341414885885025
0.47621661678210103 1.5459861238395316 0.13999156500646298
0.47064016505112877 1.590510440045018 0.1251131870227619
0.4459030510337215 1.646229047098201 0.0924606445226466
0.4634504107572899 1.6729800701351272 0.07504295275148215
0.42751410286962543 1.7390152961591694 0.037753670749842025
0.46764689963578965 1.7315072189142253 0.07001269876385476
0.4446356192695398 1.7781019538387695 0.08949041851965164
0.44916516075369284 1.7927867128872217 0.11399493508149941
0.4598958921576688 1.8142490344100943 0.14419406139876187
0.4483415045073272 1.8495053789925304 0.16119087604427543
0.4442736303713527 1.8747637389451968 0.18378351843136367
0.42892724230271534 1.92238527832962 0.1934395341387009
0.44753504305616737 1.9261399927163556 0.21654134935949648
0.4776343488911483 1.9204242546871009 0.24334496944894218
0.46067089745649925 1.9524280019872147 0.2622440906085398
0.4350290544187084 2.009698835174869 0.2707641286291941
0.43631770578948503 2.035799566143422 0.2918554905384196
0.4238104335474905 2.0665024344848226 0.2990427352509972
0.45801527044430623 2.057038000353732 0.3211401946754071
0.4684137197685433 2.067598807544312 0.3358066893545453
0.45380242712758456 2.1131586871377808 0.3426433883880744
0.45255991406642393 2.1340956796019555 0.35709178508478245
0.46524759773673213 2.1432502731564975 0.3687461992343034
0.4760407078601052 2.1532505421264196 0.38518677379361377
0.45289462108605016 2.2087596746519713 0.38288164121552215
0.4501528887936831 2.2274713466265506 0.392517506509762
0.4558050256124536 2.247953545200315 0.3997913782366591
0.4582480629098499 2.2671184468096235 0.4082302377621144
0.4692623305270056 2.273447076651766 0.4165366287385758
0.46210518441301707 2.30581223430573 0.4239394934849012
0.4554498585290217 2.335101020071508 0.42105384951203184
0.4607305495640246 2.355743975673155 0.4303812565198853
0.4510114527266089 2.38712051635022 0.4359120616654392
0.4665059404996984 2.390554145214355 0.4344526317027851
0.4647167819015945 2.4236896952585285 0.43937315441593006
0.4515153756293069 2.4545783507539203 0.44617444593643085
0.43154064645672496 2.498447925313563 0.4418852365150542
0.4011021696325141 2.558265439437105 0.4395563364313852
0.4850620636864251 2.476947046855482 0.4468080524186597
0.4669408926391698 2.487242618521617 0.435888250803578
0.5511148244799496 2.348100407629935 0.43699543854800255
0.5996154920818455 2.2531252650611866 0.4291221298567608
0.6085824746837422 2.1941460850735632 0.41797783088133444
0.6662039098563228 2.08211511359463 0.4144298181251835
0.7085449646639496 1.9841235247067814 0.40767810796656523
0.7658646573575073 1.8718260058896596 0.40005688945416573
0.8198067384222797 1.7636733176333508 0.3871053970863748
0.8583019077562704 1.681861619721764 0.3810613551287201
0.8870200656354099 1.607835407873833 0.36827933205187935
0.9408546119349327 1.5061396449632274 0.3563337750040373
1.015254166251851 1.3713688155600332 0.3435304186093262
1.0551948123122474 1.2772170907529177 0.330205289729366
1.0932492949396795 1.1967796062070355 0.3149855650975788
1.1371509677781357 1.1047604684556205 0.29628531664575564
1.1806491600583906 1.0218662970440158 0.28364468439780255
1.2170702032098952 0.9444841448617962 0.2653528623126552
1.2621203212092051 0.8556579357328266 0.2500227839948799
1.2946753064728953 0.7824969990549806 0.22739553970191234
1.3255404375100261 0.711008489597822 0.20539900240017575
1.3506782064509728 0.6430726242825859 0.18161056331520464
1.3861226902379742 0.5690928530572328 0.1619835342234223
1.410855560882186 0.504933767166016 0.13646926584209645
1.4433495997054853 0.4329132094972984 0.11448725409886057
1.4617019323385196 0.375496663648847 0.12026553230055637
1.4876334818949966 0.3154539525515424 0.14230073302087273
1.5105585375690476 0.25650619838260375 0.16538861776097605
1.540151957259145 0.19616132427223706 0.19057558627683935
1.5611917900506695 0.1413221327319503 0.20849069412885957
1.5815111438211495 0.08825773768622697 0.22510893050757244
1.6037836595369759 0.031465142277771495 0.24363289771441582
1.6165941930449315 -0.01587636039165767 0.2551472188736871
1.6360176448856076 -0.06715423686630129 0.27165515754696334
1.6462355210405395 -0.11639814723135243 0.28034201829037486
1.6648276638161883 -0.16553772738230932 0.2907201361015317
1.6743339358541225 -0.21388478883427103 0.2976728944998348
1.6882549355861043 -0.2593928875661255 0.306480492602258
